Id,Date,Long,Lat
CARTHE_011,2012-07-20 18:00:00,28.96398768251,-88.74685302477
CARTHE_011,2012-07-20 18:15:00,28.96070514059,-88.74137797785
CARTHE_011,2012-07-20 18:30:00,28.95771173698,-88.73628502169
CARTHE_011,2012-07-20 18:45:00,28.95503329955,-88.73153649164
CARTHE_011,2012-07-20 19:00:00,28.9526319048,-88.72702005477
CARTHE_011,2012-07-20 19:15:00,28.9504404705,-88.72262132469
CARTHE_011,2012-07-20 19:30:00,28.94838576304,-88.71827072642
CARTHE_011,2012-07-20 19:45:00,28.94639810009,-88.71395631443
CARTHE_011,2012-07-20 20:00:00,28.94441670178,-88.7097100394
CARTHE_011,2012-07-20 20:15:00,28.94239867942,-88.70558128523
CARTHE_011,2012-07-20 20:30:00,28.94033024623,-88.70161100368
CARTHE_011,2012-07-20 20:45:00,28.93823144382,-88.69781680597
CARTHE_011,2012-07-20 21:00:00,28.93614679985,-88.6941933441
CARTHE_011,2012-07-20 21:15:00,28.93412249453,-88.6907231429
CARTHE_011,2012-07-20 21:30:00,28.93218016835,-88.68738614002
CARTHE_011,2012-07-20 21:45:00,28.93030137058,-88.68415895509
CARTHE_011,2012-07-20 22:00:00,28.92843208432,-88.68100716177
CARTHE_011,2012-07-20 22:15:00,28.9265071965,-88.6778833651
CARTHE_011,2012-07-20 22:30:00,28.92448533285,-88.67473925371
CARTHE_011,2012-07-20 22:45:00,28.92237809377,-88.67154705715
CARTHE_011,2012-07-20 23:00:00,28.92025776593,-88.66831682849
CARTHE_011,2012-07-20 23:15:00,28.91823639124,-88.66509599932
CARTHE_011,2012-07-20 23:30:00,28.91642293344,-88.66194765728
CARTHE_011,2012-07-20 23:45:00,28.91487679187,-88.65891836555
CARTHE_011,2012-07-21 00:00:00,28.91357920738,-88.65601504165
CARTHE_011,2012-07-21 00:15:00,28.91243733528,-88.65320560966
CARTHE_011,2012-07-21 00:30:00,28.91131893425,-88.65044023795
CARTHE_011,2012-07-21 00:45:00,28.91009819998,-88.64767432067
CARTHE_011,2012-07-21 01:00:00,28.90869021459,-88.6448773961
CARTHE_011,2012-07-21 01:15:00,28.90706407698,-88.64202989481
CARTHE_011,2012-07-21 01:30:00,28.90523781823,-88.63912001489
CARTHE_011,2012-07-21 01:45:00,28.90326162503,-88.63614687608
CARTHE_011,2012-07-21 02:00:00,28.90119560045,-88.63312645
CARTHE_011,2012-07-21 02:15:00,28.89908980022,-88.63009357258
CARTHE_011,2012-07-21 02:30:00,28.89697403703,-88.62709550186
CARTHE_011,2012-07-21 02:45:00,28.89485969846,-88.62417712874
CARTHE_011,2012-07-21 03:00:00,28.89274946751,-88.62136476141
CARTHE_011,2012-07-21 03:15:00,28.89064797193,-88.61865816488
CARTHE_011,2012-07-21 03:30:00,28.88856657504,-88.61603519442
CARTHE_011,2012-07-21 03:45:00,28.88651884077,-88.6134658383
CARTHE_011,2012-07-21 04:00:00,28.88450952473,-88.6109282613
CARTHE_011,2012-07-21 04:15:00,28.88252537403,-88.60841952622
CARTHE_011,2012-07-21 04:30:00,28.88053596459,-88.60595684138
CARTHE_011,2012-07-21 04:45:00,28.8785071329,-88.60356940963
CARTHE_011,2012-07-21 05:00:00,28.87642129245,-88.60128593948
CARTHE_011,2012-07-21 05:15:00,28.87429173221,-88.59912555881
CARTHE_011,2012-07-21 05:30:00,28.87215892705,-88.5970947274
CARTHE_011,2012-07-21 05:45:00,28.87006917072,-88.59518565611
CARTHE_011,2012-07-21 06:00:00,28.86804823947,-88.59337173889
CARTHE_011,2012-07-21 06:15:00,28.86608390005,-88.59160207043
CARTHE_011,2012-07-21 06:30:00,28.86412451267,-88.58980209239
CARTHE_011,2012-07-21 06:45:00,28.86209452688,-88.58788378091
CARTHE_011,2012-07-21 07:00:00,28.85992246455,-88.5857617552
CARTHE_011,2012-07-21 07:15:00,28.85757157581,-88.58337081841
CARTHE_011,2012-07-21 07:30:00,28.85505996029,-88.58068472737
CARTHE_011,2012-07-21 07:45:00,28.85245916415,-88.57773245976
CARTHE_011,2012-07-21 08:00:00,28.84987036403,-88.57459932896
CARTHE_011,2012-07-21 08:15:00,28.84738961717,-88.57140463087
CARTHE_011,2012-07-21 08:30:00,28.84507926956,-88.5682645613
CARTHE_011,2012-07-21 08:45:00,28.84295781664,-88.5652611993
CARTHE_011,2012-07-21 09:00:00,28.84100961489,-88.56243388087
CARTHE_011,2012-07-21 09:15:00,28.83920580988,-88.55979179725
CARTHE_011,2012-07-21 09:30:00,28.83752380356,-88.55733222938
CARTHE_011,2012-07-21 09:45:00,28.83595552248,-88.55505009704
CARTHE_011,2012-07-21 10:00:00,28.83450102048,-88.55293487992
CARTHE_011,2012-07-21 10:15:00,28.83315010486,-88.55095904481
CARTHE_011,2012-07-21 10:30:00,28.83186105372,-88.54906555666
CARTHE_011,2012-07-21 10:45:00,28.83055006823,-88.54716337793
CARTHE_011,2012-07-21 11:00:00,28.82910199267,-88.54513893124
CARTHE_011,2012-07-21 11:15:00,28.82740187348,-88.54288490207
CARTHE_011,2012-07-21 11:30:00,28.82537264926,-88.54033708806
CARTHE_011,2012-07-21 11:45:00,28.82299764296,-88.5375009416
CARTHE_011,2012-07-21 12:00:00,28.82031592933,-88.53444993177
CARTHE_011,2012-07-21 12:15:00,28.81739578938,-88.5312927361
CARTHE_011,2012-07-21 12:30:00,28.81430240935,-88.52812706224
CARTHE_011,2012-07-21 12:45:00,28.81107609482,-88.52500605404
CARTHE_011,2012-07-21 13:00:00,28.80773003971,-88.52193242467
CARTHE_011,2012-07-21 13:15:00,28.80426498701,-88.51887923882
CARTHE_011,2012-07-21 13:30:00,28.80068809554,-88.51582411299
CARTHE_011,2012-07-21 13:45:00,28.79702328737,-88.51277726674
CARTHE_011,2012-07-21 14:00:00,28.79330808369,-88.50978757674
CARTHE_011,2012-07-21 14:15:00,28.78957933452,-88.50692379348
CARTHE_011,2012-07-21 14:30:00,28.78585482987,-88.50424280409
CARTHE_011,2012-07-21 14:45:00,28.78212057835,-88.50176424433
CARTHE_011,2012-07-21 15:00:00,28.77833381852,-88.49946650979
CARTHE_011,2012-07-21 15:15:00,28.77444623051,-88.49730574582
CARTHE_011,2012-07-21 15:30:00,28.77044142671,-88.49524499685
CARTHE_011,2012-07-21 15:45:00,28.76637162437,-88.49327593025
CARTHE_011,2012-07-21 16:00:00,28.7623741475,-88.49142202501
CARTHE_011,2012-07-21 16:15:00,28.75865122108,-88.48972347535
CARTHE_011,2012-07-21 16:30:00,28.7554101467,-88.48821285635
CARTHE_011,2012-07-21 16:45:00,28.75278558966,-88.48689329912
CARTHE_011,2012-07-21 17:00:00,28.75078679523,-88.4857293715
CARTHE_011,2012-07-21 17:15:00,28.74930371903,-88.48465534453
CARTHE_011,2012-07-21 17:30:00,28.74816416128,-88.48359661683
CARTHE_011,2012-07-21 17:45:00,28.7471996998,-88.48249389457
CARTHE_011,2012-07-21 18:00:00,28.74628554977,-88.48131885743
CARTHE_011,2012-07-21 18:15:00,28.74535005544,-88.48007441075
CARTHE_011,2012-07-21 18:30:00,28.74436880832,-88.47878147187
CARTHE_011,2012-07-21 18:45:00,28.74335304689,-88.47746292711
CARTHE_011,2012-07-21 19:00:00,28.7423306289,-88.47613547234
CARTHE_011,2012-07-21 19:15:00,28.74132285218,-88.47481074978
CARTHE_011,2012-07-21 19:30:00,28.74033042554,-88.47350036574
CARTHE_011,2012-07-21 19:45:00,28.73933551979,-88.47221948568
CARTHE_011,2012-07-21 20:00:00,28.73831303003,-88.47098631489
CARTHE_011,2012-07-21 20:15:00,28.73724263595,-88.46981922173
CARTHE_011,2012-07-21 20:30:00,28.73611808918,-88.46873545467
CARTHE_011,2012-07-21 20:45:00,28.73494934614,-88.46775159465
CARTHE_011,2012-07-21 21:00:00,28.73375511252,-88.46688157696
CARTHE_011,2012-07-21 21:15:00,28.73255157636,-88.46613121017
CARTHE_011,2012-07-21 21:30:00,28.73134562687,-88.46549417765
CARTHE_011,2012-07-21 21:45:00,28.73013573044,-88.46495441006
CARTHE_011,2012-07-21 22:00:00,28.72891720966,-88.46449443317
CARTHE_011,2012-07-21 22:15:00,28.72768652291,-88.46410510472
CARTHE_011,2012-07-21 22:30:00,28.72644276907,-88.46379108459
CARTHE_011,2012-07-21 22:45:00,28.72518789312,-88.46356773811
CARTHE_011,2012-07-21 23:00:00,28.72392590532,-88.46344930268
CARTHE_011,2012-07-21 23:15:00,28.7226601099,-88.46343479987
CARTHE_011,2012-07-21 23:30:00,28.72139066037,-88.4635025594
CARTHE_011,2012-07-21 23:45:00,28.72011693173,-88.46361913406
CARTHE_011,2012-07-22 00:00:00,28.7188443459,-88.46375638464
CARTHE_011,2012-07-22 00:15:00,28.71758900839,-88.46390325434
CARTHE_011,2012-07-22 00:30:00,28.71637420447,-88.46406393672
CARTHE_011,2012-07-22 00:45:00,28.71522120899,-88.46424759754
CARTHE_011,2012-07-22 01:00:00,28.71414310121,-88.46446134586
CARTHE_011,2012-07-22 01:15:00,28.71314600276,-88.46471192827
CARTHE_011,2012-07-22 01:30:00,28.71223388007,-88.46501204902
CARTHE_011,2012-07-22 01:45:00,28.71141083935,-88.46538382525
CARTHE_011,2012-07-22 02:00:00,28.71067784019,-88.46585590871
CARTHE_011,2012-07-22 02:15:00,28.7100247726,-88.46645726003
CARTHE_011,2012-07-22 02:30:00,28.7094244765,-88.46721163127
CARTHE_011,2012-07-22 02:45:00,28.70883669277,-88.46813324203
CARTHE_011,2012-07-22 03:00:00,28.70822215236,-88.46922285417
CARTHE_011,2012-07-22 03:15:00,28.70755894741,-88.47046596103
CARTHE_011,2012-07-22 03:30:00,28.70685125589,-88.47183619957
CARTHE_011,2012-07-22 03:45:00,28.70612584942,-88.47330323525
CARTHE_011,2012-07-22 04:00:00,28.70542043524,-88.47484081535
CARTHE_011,2012-07-22 04:15:00,28.70477196061,-88.47643146682
CARTHE_011,2012-07-22 04:30:00,28.70420991601,-88.47806656517
CARTHE_011,2012-07-22 04:45:00,28.70375398407,-88.47974199236
CARTHE_011,2012-07-22 05:00:00,28.703413601,-88.48145137225
CARTHE_011,2012-07-22 05:15:00,28.70318876241,-88.48317989306
CARTHE_011,2012-07-22 05:30:00,28.7030723159,-88.4849010772
CARTHE_011,2012-07-22 05:45:00,28.70305314424,-88.4865783629
CARTHE_011,2012-07-22 06:00:00,28.70311864134,-88.48817264163
CARTHE_011,2012-07-22 06:15:00,28.70325553376,-88.48965392629
CARTHE_011,2012-07-22 06:30:00,28.70344941673,-88.49101105673
CARTHE_011,2012-07-22 06:45:00,28.70368458482,-88.49225305574
CARTHE_011,2012-07-22 07:00:00,28.70394612581,-88.49340119767
CARTHE_011,2012-07-22 07:15:00,28.7042243667,-88.49447704809
CARTHE_011,2012-07-22 07:30:00,28.70451874908,-88.49549394491
CARTHE_011,2012-07-22 07:45:00,28.70483722572,-88.49645760985
CARTHE_011,2012-07-22 08:00:00,28.70519042059,-88.49737562002
CARTHE_011,2012-07-22 08:15:00,28.70558443518,-88.49826854848
CARTHE_011,2012-07-22 08:30:00,28.70601739358,-88.49917425539
CARTHE_011,2012-07-22 08:45:00,28.70648212372,-88.50014084773
CARTHE_011,2012-07-22 09:00:00,28.70697357832,-88.50121021056
CARTHE_011,2012-07-22 09:15:00,28.70749621586,-88.50240117041
CARTHE_011,2012-07-22 09:30:00,28.70806555714,-88.5037036284
CARTHE_011,2012-07-22 09:45:00,28.70870167996,-88.50508696633
CARTHE_011,2012-07-22 10:00:00,28.70941901028,-88.50651410768
CARTHE_011,2012-07-22 10:15:00,28.71021905809,-88.5079516575
CARTHE_011,2012-07-22 10:30:00,28.71108867444,-88.50937402658
CARTHE_011,2012-07-22 10:45:00,28.7120037491,-88.51076423771
CARTHE_011,2012-07-22 11:00:00,28.712937561,-88.51211330576
CARTHE_011,2012-07-22 11:15:00,28.71386997102,-88.51341833411
CARTHE_011,2012-07-22 11:30:00,28.71479144301,-88.5146805497
CARTHE_011,2012-07-22 11:45:00,28.7156996083,-88.51590454429
CARTHE_011,2012-07-22 12:00:00,28.716593024,-88.51709784962
CARTHE_011,2012-07-22 12:15:00,28.71746909942,-88.51826912727
CARTHE_011,2012-07-22 12:30:00,28.71832820332,-88.51942599403
CARTHE_011,2012-07-22 12:45:00,28.71917900087,-88.52057523811
CARTHE_011,2012-07-22 13:00:00,28.72003861784,-88.52172396241
CARTHE_011,2012-07-22 13:15:00,28.72092667767,-88.52287702898
CARTHE_011,2012-07-22 13:30:00,28.72185719978,-88.52403002685
CARTHE_011,2012-07-22 13:45:00,28.72283239589,-88.52516244596
CARTHE_011,2012-07-22 14:00:00,28.72384013849,-88.52623660647
CARTHE_011,2012-07-22 14:15:00,28.72485514838,-88.52720539684
CARTHE_011,2012-07-22 14:30:00,28.7258433201,-88.52802840212
CARTHE_011,2012-07-22 14:45:00,28.72676797992,-88.52869073073
CARTHE_011,2012-07-22 15:00:00,28.72759612502,-88.52921591436
CARTHE_011,2012-07-22 15:15:00,28.72830303625,-88.52966667419
CARTHE_011,2012-07-22 15:30:00,28.72887451195,-88.53013086485
CARTHE_011,2012-07-22 15:45:00,28.72930660529,-88.53069458375
CARTHE_011,2012-07-22 16:00:00,28.72960304211,-88.5314125307
CARTHE_011,2012-07-22 16:15:00,28.72977099182,-88.53229090907
CARTHE_011,2012-07-22 16:30:00,28.72981742614,-88.53329290166
CARTHE_011,2012-07-22 16:45:00,28.72974967006,-88.53436242874
CARTHE_011,2012-07-22 17:00:00,28.72958160899,-88.53545148446
CARTHE_011,2012-07-22 17:15:00,28.72934222833,-88.53653735655
CARTHE_011,2012-07-22 17:30:00,28.72907989666,-88.5376237384
CARTHE_011,2012-07-22 17:45:00,28.72885547899,-88.53872804707
CARTHE_011,2012-07-22 18:00:00,28.72872047469,-88.53986289468
CARTHE_011,2012-07-22 18:15:00,28.728684776,-88.54102213175
CARTHE_011,2012-07-22 18:30:00,28.72869002571,-88.54218006674
CARTHE_011,2012-07-22 18:45:00,28.72860974033,-88.54330529436
CARTHE_011,2012-07-22 19:00:00,28.7282872583,-88.54438097459
CARTHE_011,2012-07-22 19:15:00,28.72759754153,-88.54541745553
CARTHE_011,2012-07-22 19:30:00,28.72649808952,-88.54644663766
CARTHE_011,2012-07-22 19:45:00,28.72504058881,-88.54750202716
CARTHE_011,2012-07-22 20:00:00,28.72334240945,-88.54860138978
CARTHE_011,2012-07-22 20:15:00,28.72153952559,-88.54974522588
CARTHE_011,2012-07-22 20:30:00,28.71974618981,-88.55092881082
CARTHE_011,2012-07-22 20:45:00,28.71803629024,-88.55215540873
CARTHE_011,2012-07-22 21:00:00,28.71644596459,-88.55344064737
CARTHE_011,2012-07-22 21:15:00,28.71498602999,-88.5548073409
CARTHE_011,2012-07-22 21:30:00,28.71365334915,-88.55627696423
CARTHE_011,2012-07-22 21:45:00,28.71243845614,-88.55786380528
CARTHE_011,2012-07-22 22:00:00,28.71133186829,-88.55957328877
CARTHE_011,2012-07-22 22:15:00,28.71033036765,-88.56140293459
CARTHE_011,2012-07-22 22:30:00,28.70944123443,-88.56334425593
CARTHE_011,2012-07-22 22:45:00,28.70868025268,-88.56538412197
CARTHE_011,2012-07-22 23:00:00,28.70806169371,-88.56750504684
CARTHE_011,2012-07-22 23:15:00,28.70758496689,-88.5696857036
CARTHE_011,2012-07-22 23:30:00,28.70722697035,-88.57190279943
CARTHE_011,2012-07-22 23:45:00,28.70694641624,-88.5741336621
CARTHE_011,2012-07-23 00:00:00,28.7066983779,-88.57635946098
CARTHE_011,2012-07-23 00:15:00,28.70645071942,-88.57856946627
CARTHE_011,2012-07-23 00:30:00,28.70619397397,-88.58076421293
CARTHE_011,2012-07-23 00:45:00,28.7059423093,-88.58295438743
CARTHE_011,2012-07-23 01:00:00,28.70572840628,-88.58515500424
CARTHE_011,2012-07-23 01:15:00,28.70559447143,-88.5873774266
CARTHE_011,2012-07-23 01:30:00,28.70558004448,-88.58962256067
CARTHE_011,2012-07-23 01:45:00,28.70570921426,-88.59187861958
CARTHE_011,2012-07-23 02:00:00,28.70598218493,-88.59412598977
CARTHE_011,2012-07-23 02:15:00,28.70637506333,-88.59634658782
CARTHE_011,2012-07-23 02:30:00,28.70684800832,-88.59853065086
CARTHE_011,2012-07-23 02:45:00,28.7073580907,-88.60067688727
CARTHE_011,2012-07-23 03:00:00,28.70787194969,-88.6027892271
CARTHE_011,2012-07-23 03:15:00,28.70837414568,-88.60487589506
CARTHE_011,2012-07-23 03:30:00,28.70886815779,-88.60695066382
CARTHE_011,2012-07-23 03:45:00,28.70936895897,-88.60902981265
CARTHE_011,2012-07-23 04:00:00,28.70989003555,-88.61112131312
CARTHE_011,2012-07-23 04:15:00,28.71043231311,-88.61321341911
CARTHE_011,2012-07-23 04:30:00,28.71098189847,-88.61527511295
CARTHE_011,2012-07-23 04:45:00,28.71151497229,-88.61727275677
CARTHE_011,2012-07-23 05:00:00,28.71200123004,-88.6191943458
CARTHE_011,2012-07-23 05:15:00,28.71240245201,-88.62106617399
CARTHE_011,2012-07-23 05:30:00,28.71267490131,-88.62295041884
CARTHE_011,2012-07-23 05:45:00,28.71278556602,-88.62492353727
CARTHE_011,2012-07-23 06:00:00,28.7127367887,-88.62704751277
CARTHE_011,2012-07-23 06:15:00,28.71257874336,-88.62935041656
CARTHE_011,2012-07-23 06:30:00,28.71239388851,-88.63182485555
CARTHE_011,2012-07-23 06:45:00,28.71225978413,-88.63443946918
CARTHE_011,2012-07-23 07:00:00,28.71221263159,-88.63715128237
CARTHE_011,2012-07-23 07:15:00,28.71223052004,-88.63991122367
CARTHE_011,2012-07-23 07:30:00,28.71224184934,-88.64266490755
CARTHE_011,2012-07-23 07:45:00,28.71215315875,-88.64535595645
CARTHE_011,2012-07-23 08:00:00,28.7118850608,-88.6479365401
CARTHE_011,2012-07-23 08:15:00,28.71140257015,-88.65038169739
CARTHE_011,2012-07-23 08:30:00,28.7107265952,-88.65269741606
CARTHE_011,2012-07-23 08:45:00,28.70992178294,-88.65491574937
CARTHE_011,2012-07-23 09:00:00,28.70907004386,-88.65708102818
CARTHE_011,2012-07-23 09:15:00,28.70824557612,-88.65923673168
CARTHE_011,2012-07-23 09:30:00,28.70750183945,-88.66141791786
CARTHE_011,2012-07-23 09:45:00,28.70687100309,-88.6636471493
CARTHE_011,2012-07-23 10:00:00,28.70636858549,-88.66593014105
CARTHE_011,2012-07-23 10:15:00,28.70599620984,-88.66825258749
CARTHE_011,2012-07-23 10:30:00,28.70574219695,-88.67058296638
CARTHE_011,2012-07-23 10:45:00,28.70558408266,-88.67288197853
CARTHE_011,2012-07-23 11:00:00,28.70549453232,-88.67511447088
CARTHE_011,2012-07-23 11:15:00,28.70544759209,-88.67725927358
CARTHE_011,2012-07-23 11:30:00,28.7054219289,-88.67931383578
CARTHE_011,2012-07-23 11:45:00,28.70540040367,-88.68129160667
CARTHE_011,2012-07-23 12:00:00,28.70536784353,-88.68321260352
CARTHE_011,2012-07-23 12:15:00,28.70530937623,-88.68509179138
CARTHE_011,2012-07-23 12:30:00,28.70521048374,-88.68693271819
CARTHE_011,2012-07-23 12:45:00,28.70505909559,-88.68873139203
CARTHE_011,2012-07-23 13:00:00,28.70484944617,-88.69048750774
CARTHE_011,2012-07-23 13:15:00,28.70458587757,-88.6922135185
CARTHE_011,2012-07-23 13:30:00,28.70428361208,-88.69393469116
CARTHE_011,2012-07-23 13:45:00,28.70396384124,-88.69568154872
CARTHE_011,2012-07-23 14:00:00,28.70364296487,-88.69748057413
CARTHE_011,2012-07-23 14:15:00,28.70332077875,-88.69934790716
CARTHE_011,2012-07-23 14:30:00,28.70297568733,-88.70128822496
CARTHE_011,2012-07-23 14:45:00,28.70257214942,-88.70329882442
CARTHE_011,2012-07-23 15:00:00,28.7020771724,-88.70537691545
CARTHE_011,2012-07-23 15:15:00,28.70147521528,-88.70752713899
CARTHE_011,2012-07-23 15:30:00,28.70077149767,-88.7097658529
CARTHE_011,2012-07-23 15:45:00,28.69998283088,-88.71211858002
CARTHE_011,2012-07-23 16:00:00,28.69912485404,-88.71460942675
CARTHE_011,2012-07-23 16:15:00,28.6982060895,-88.71724557461
CARTHE_011,2012-07-23 16:30:00,28.69723156411,-88.7200029453
CARTHE_011,2012-07-23 16:45:00,28.69620991251,-88.72282077569
CARTHE_011,2012-07-23 17:00:00,28.69515549951,-88.72561291664
CARTHE_011,2012-07-23 17:15:00,28.69408172024,-88.72829775116
CARTHE_011,2012-07-23 17:30:00,28.69298923414,-88.73083489737
CARTHE_011,2012-07-23 17:45:00,28.69185799341,-88.73324589175
CARTHE_011,2012-07-23 18:00:00,28.69065096662,-88.73560370847
CARTHE_011,2012-07-23 18:15:00,28.68933003995,-88.7379973255
CARTHE_011,2012-07-23 18:30:00,28.6878747426,-88.74049297009
CARTHE_011,2012-07-23 18:45:00,28.68629030314,-88.74311396577
CARTHE_011,2012-07-23 19:00:00,28.68459996181,-88.74584633943
CARTHE_011,2012-07-23 19:15:00,28.68283092339,-88.74866047733
CARTHE_011,2012-07-23 19:30:00,28.68100590831,-88.7515330731
CARTHE_011,2012-07-23 19:45:00,28.67914315134,-88.75445780924
CARTHE_011,2012-07-23 20:00:00,28.67726098255,-88.75744266723
CARTHE_011,2012-07-23 20:15:00,28.67538223317,-88.76050122283
CARTHE_011,2012-07-23 20:30:00,28.6735348367,-88.76364712901
CARTHE_011,2012-07-23 20:45:00,28.67174740806,-88.76689371626
CARTHE_011,2012-07-23 21:00:00,28.67004188876,-88.77025415439
CARTHE_011,2012-07-23 21:15:00,28.66842811843,-88.7737377021
CARTHE_011,2012-07-23 21:30:00,28.66690366233,-88.77734379864
CARTHE_011,2012-07-23 21:45:00,28.66545790863,-88.78105988264
CARTHE_011,2012-07-23 22:00:00,28.66407813189,-88.78486434477
CARTHE_011,2012-07-23 22:15:00,28.66275573976,-88.7887312357
CARTHE_011,2012-07-23 22:30:00,28.66149027621,-88.79263383956
CARTHE_011,2012-07-23 22:45:00,28.66028875441,-88.79654738047
CARTHE_011,2012-07-23 23:00:00,28.65916038366,-88.80045263286
CARTHE_011,2012-07-23 23:15:00,28.65811072928,-88.80433949344
CARTHE_011,2012-07-23 23:30:00,28.65714090716,-88.80820704479
CARTHE_011,2012-07-23 23:45:00,28.65625350688,-88.81205892482
CARTHE_011,2012-07-24 00:00:00,28.65546031238,-88.81589707604
CARTHE_011,2012-07-24 00:15:00,28.65478350229,-88.81971744064
CARTHE_011,2012-07-24 00:30:00,28.65424559791,-88.82350884828
CARTHE_011,2012-07-24 00:45:00,28.65385279914,-88.82725531308
CARTHE_011,2012-07-24 01:00:00,28.65358383996,-88.83094111533
CARTHE_011,2012-07-24 01:15:00,28.65339422323,-88.83455537437
CARTHE_011,2012-07-24 01:30:00,28.65323489458,-88.83809237152
CARTHE_011,2012-07-24 01:45:00,28.65307381112,-88.84154783834
CARTHE_011,2012-07-24 02:00:00,28.65290689149,-88.84491476566
CARTHE_011,2012-07-24 02:15:00,28.6527529934,-88.84818228687
CARTHE_011,2012-07-24 02:30:00,28.65263817698,-88.85133812124
CARTHE_011,2012-07-24 02:45:00,28.6525790431,-88.85437295932
CARTHE_011,2012-07-24 03:00:00,28.65257315759,-88.85728666448
CARTHE_011,2012-07-24 03:15:00,28.65260029706,-88.86009532133
CARTHE_011,2012-07-24 03:30:00,28.65263264104,-88.86283359885
CARTHE_011,2012-07-24 03:45:00,28.65264678195,-88.86554672536
CARTHE_011,2012-07-24 04:00:00,28.65262916443,-88.86827323901
CARTHE_011,2012-07-24 04:15:00,28.65257044587,-88.87102766204
CARTHE_011,2012-07-24 04:30:00,28.65245163862,-88.87379399406
CARTHE_011,2012-07-24 04:45:00,28.6522314249,-88.87653447169
CARTHE_011,2012-07-24 05:00:00,28.65184319869,-88.87921016565
CARTHE_011,2012-07-24 05:15:00,28.65120364505,-88.88180594004
CARTHE_011,2012-07-24 05:30:00,28.65023001965,-88.88434876213
CARTHE_011,2012-07-24 05:45:00,28.6488627165,-88.88690580441
CARTHE_011,2012-07-24 06:00:00,28.64708789949,-88.8895559234
CARTHE_011,2012-07-24 06:15:00,28.64495060188,-88.89234496945
CARTHE_011,2012-07-24 06:30:00,28.64255031496,-88.895249513
CARTHE_011,2012-07-24 06:45:00,28.64002130108,-88.89817228519
CARTHE_011,2012-07-24 07:00:00,28.63750768426,-88.90097457931
CARTHE_011,2012-07-24 07:15:00,28.6351390686,-88.90352914485
CARTHE_011,2012-07-24 07:30:00,28.63300485069,-88.90576671691
CARTHE_011,2012-07-24 07:45:00,28.63113055735,-88.90769584926
CARTHE_011,2012-07-24 08:00:00,28.62947103508,-88.9093918046
CARTHE_011,2012-07-24 08:15:00,28.62793049377,-88.91096364086
CARTHE_011,2012-07-24 08:30:00,28.62640112913,-88.91251577055
CARTHE_011,2012-07-24 08:45:00,28.6248008934,-88.91412003713
CARTHE_011,2012-07-24 09:00:00,28.62309522808,-88.91580398176
CARTHE_011,2012-07-24 09:15:00,28.6212989079,-88.91755181017
CARTHE_011,2012-07-24 09:30:00,28.61946181795,-88.91931615675
CARTHE_011,2012-07-24 09:45:00,28.61764737852,-88.92103856935
CARTHE_011,2012-07-24 10:00:00,28.61591276239,-88.92267251001
CARTHE_011,2012-07-24 10:15:00,28.61429487475,-88.92420061253
CARTHE_011,2012-07-24 10:30:00,28.61280209367,-88.92563890064
CARTHE_011,2012-07-24 10:45:00,28.61141192641,-88.92702578781
CARTHE_011,2012-07-24 11:00:00,28.61007531087,-88.92840148083
CARTHE_011,2012-07-24 11:15:00,28.60872754201,-88.92978900616
CARTHE_011,2012-07-24 11:30:00,28.60730433969,-88.93118703646
CARTHE_011,2012-07-24 11:45:00,28.60575897499,-88.93257632775
CARTHE_011,2012-07-24 12:00:00,28.60407336931,-88.9339323017
CARTHE_011,2012-07-24 12:15:00,28.60225846489,-88.93523415721
CARTHE_011,2012-07-24 12:30:00,28.60034698445,-88.93646853948
CARTHE_011,2012-07-24 12:45:00,28.59838319544,-88.93763318618
CARTHE_011,2012-07-24 13:00:00,28.59641079379,-88.93874095323
CARTHE_011,2012-07-24 13:15:00,28.59446174333,-88.93981611416
CARTHE_011,2012-07-24 13:30:00,28.59255113634,-88.94088127409
CARTHE_011,2012-07-24 13:45:00,28.59067865801,-88.94194820571
CARTHE_011,2012-07-24 14:00:00,28.58883358997,-88.94302295291
CARTHE_011,2012-07-24 14:15:00,28.58700225353,-88.94411593446
CARTHE_011,2012-07-24 14:30:00,28.58517717834,-88.94524049178
CARTHE_011,2012-07-24 14:45:00,28.58336302762,-88.94639776658
CARTHE_011,2012-07-24 15:00:00,28.58157285167,-88.94756451366
CARTHE_011,2012-07-24 15:15:00,28.57981464332,-88.94870021401
CARTHE_011,2012-07-24 15:30:00,28.57807793792,-88.94976865662
CARTHE_011,2012-07-24 15:45:00,28.57633261488,-88.95075458968
CARTHE_011,2012-07-24 16:00:00,28.57454150797,-88.95166444409
CARTHE_011,2012-07-24 16:15:00,28.5726760505,-88.9525152556
CARTHE_011,2012-07-24 16:30:00,28.57072332232,-88.95332201097
CARTHE_011,2012-07-24 16:45:00,28.56868188095,-88.95409130336
CARTHE_011,2012-07-24 17:00:00,28.56655154675,-88.95482341821
CARTHE_011,2012-07-24 17:15:00,28.56432498208,-88.95551939693
CARTHE_011,2012-07-24 17:30:00,28.56198777071,-88.95618750754
CARTHE_011,2012-07-24 17:45:00,28.55952656805,-88.95684462366
CARTHE_011,2012-07-24 18:00:00,28.55693770411,-88.95751051768
CARTHE_011,2012-07-24 18:15:00,28.55422898564,-88.95819725421
CARTHE_011,2012-07-24 18:30:00,28.55141276734,-88.95890126428
CARTHE_011,2012-07-24 18:45:00,28.54849551304,-88.95960774388
CARTHE_011,2012-07-24 19:00:00,28.54547197527,-88.96030866594
CARTHE_011,2012-07-24 19:15:00,28.54232762222,-88.96102281042
CARTHE_011,2012-07-24 19:30:00,28.5390473292,-88.96180368754
CARTHE_011,2012-07-24 19:45:00,28.53562565621,-88.96272933752
CARTHE_011,2012-07-24 20:00:00,28.53207427961,-88.96387804121
CARTHE_011,2012-07-24 20:15:00,28.52842331254,-88.96530109264
CARTHE_011,2012-07-24 20:30:00,28.52471480321,-88.96700612917
CARTHE_011,2012-07-24 20:45:00,28.52099027982,-88.96895972808
CARTHE_011,2012-07-24 21:00:00,28.51727815842,-88.97110738522
CARTHE_011,2012-07-24 21:15:00,28.51358702862,-88.97339779319
CARTHE_011,2012-07-24 21:30:00,28.50990749088,-88.97579601268
CARTHE_011,2012-07-24 21:45:00,28.50622173129,-88.97828092092
CARTHE_011,2012-07-24 22:00:00,28.50251600432,-88.98083487622
CARTHE_011,2012-07-24 22:15:00,28.49878977244,-88.98343670414
CARTHE_011,2012-07-24 22:30:00,28.49505822757,-88.98606347744
CARTHE_011,2012-07-24 22:45:00,28.49134758857,-88.98869927578
CARTHE_011,2012-07-24 23:00:00,28.48768535789,-88.99134526773
CARTHE_011,2012-07-24 23:15:00,28.48409173415,-88.99402537025
CARTHE_011,2012-07-24 23:30:00,28.48057854517,-88.99678487192
CARTHE_011,2012-07-24 23:45:00,28.47715636011,-88.99968427793
CARTHE_011,2012-07-25 00:00:00,28.47384451968,-89.00279094285
CARTHE_011,2012-07-25 00:15:00,28.47067548346,-89.00616618754
CARTHE_011,2012-07-25 00:30:00,28.46768679357,-89.00984621341
CARTHE_011,2012-07-25 00:45:00,28.46490334919,-89.01382317276
CARTHE_011,2012-07-25 01:00:00,28.46232241615,-89.01803655953
CARTHE_011,2012-07-25 01:15:00,28.45991333072,-89.02238239995
CARTHE_011,2012-07-25 01:30:00,28.45763319344,-89.02674117388
CARTHE_011,2012-07-25 01:45:00,28.45544883839,-89.03101368
CARTHE_011,2012-07-25 02:00:00,28.45335263113,-89.03514550914
CARTHE_011,2012-07-25 02:15:00,28.45136615802,-89.03912749208
CARTHE_011,2012-07-25 02:30:00,28.44953248755,-89.04297579553
CARTHE_011,2012-07-25 02:45:00,28.44790063384,-89.04670651215
CARTHE_011,2012-07-25 03:00:00,28.44650712427,-89.0503199633
CARTHE_011,2012-07-25 03:15:00,28.44535964974,-89.05380467404
CARTHE_011,2012-07-25 03:30:00,28.44442738584,-89.05716341935
CARTHE_011,2012-07-25 03:45:00,28.44364144484,-89.0604491125
CARTHE_011,2012-07-25 04:00:00,28.44290772781,-89.06378222361
CARTHE_011,2012-07-25 04:15:00,28.44213196995,-89.06732441268
CARTHE_011,2012-07-25 04:30:00,28.4412518684,-89.07121204787
CARTHE_011,2012-07-25 04:45:00,28.44026470094,-89.07548420294
CARTHE_011,2012-07-25 05:00:00,28.43923509198,-89.08004590163
CARTHE_011,2012-07-25 05:15:00,28.43827432788,-89.08468850341
CARTHE_011,2012-07-25 05:30:00,28.43749810783,-89.08916025924
CARTHE_011,2012-07-25 05:45:00,28.4369819617,-89.09325540339
CARTHE_011,2012-07-25 06:00:00,28.43673635245,-89.09688089954
CARTHE_011,2012-07-25 06:15:00,28.43671422865,-89.10006970709
CARTHE_011,2012-07-25 06:30:00,28.43684423868,-89.10293744788
CARTHE_011,2012-07-25 06:45:00,28.43706818281,-89.10561243889
CARTHE_011,2012-07-25 07:00:00,28.43736284081,-89.10817939637
CARTHE_011,2012-07-25 07:15:00,28.43773846282,-89.1106582098
CARTHE_011,2012-07-25 07:30:00,28.43821739263,-89.11301408337
CARTHE_011,2012-07-25 07:45:00,28.43880229231,-89.11518279794
CARTHE_011,2012-07-25 08:00:00,28.43944752324,-89.11709564377
CARTHE_011,2012-07-25 08:15:00,28.44004977265,-89.11869595405
CARTHE_011,2012-07-25 08:30:00,28.44046978499,-89.11994867637
CARTHE_011,2012-07-25 08:45:00,28.44058095749,-89.12084903178
CARTHE_011,2012-07-25 09:00:00,28.44031863218,-89.12142921134
CARTHE_011,2012-07-25 09:15:00,28.43969737764,-89.12175398554
CARTHE_011,2012-07-25 09:30:00,28.43878649323,-89.12190247989
CARTHE_011,2012-07-25 09:45:00,28.43766586925,-89.12194819007
CARTHE_011,2012-07-25 10:00:00,28.43639267205,-89.12195065984
CARTHE_011,2012-07-25 10:15:00,28.43499253008,-89.1219585497
CARTHE_011,2012-07-25 10:30:00,28.43347017701,-89.12201323861
CARTHE_011,2012-07-25 10:45:00,28.43182832667,-89.12214269706
CARTHE_011,2012-07-25 11:00:00,28.4300858804,-89.12234626949
CARTHE_011,2012-07-25 11:15:00,28.42828722562,-89.12258505298
CARTHE_011,2012-07-25 11:30:00,28.42649481979,-89.12279213704
CARTHE_011,2012-07-25 11:45:00,28.42476486841,-89.1229026698
CARTHE_011,2012-07-25 12:00:00,28.42311927923,-89.12288730713
CARTHE_011,2012-07-25 12:15:00,28.42153195226,-89.12276630119
CARTHE_011,2012-07-25 12:30:00,28.41993652979,-89.12259612348
CARTHE_011,2012-07-25 12:45:00,28.41824759738,-89.12244145575
CARTHE_011,2012-07-25 13:00:00,28.41638428311,-89.1223491613
CARTHE_011,2012-07-25 13:15:00,28.41429369545,-89.12233372057
CARTHE_011,2012-07-25 13:30:00,28.41197262124,-89.12237669295
CARTHE_011,2012-07-25 13:45:00,28.40947900804,-89.12243679486
CARTHE_011,2012-07-25 14:00:00,28.40692474197,-89.12246260856
CARTHE_011,2012-07-25 14:15:00,28.40444819839,-89.12240093433
CARTHE_011,2012-07-25 14:30:00,28.40217336643,-89.12220208269
CARTHE_011,2012-07-25 14:45:00,28.40016797924,-89.12182691459
CARTHE_011,2012-07-25 15:00:00,28.39841483039,-89.12125787813
CARTHE_011,2012-07-25 15:15:00,28.39681117754,-89.12051455715
CARTHE_011,2012-07-25 15:30:00,28.3952046595,-89.11967074456
CARTHE_011,2012-07-25 15:45:00,28.39344855991,-89.11886498696
CARTHE_011,2012-07-25 16:00:00,28.39143985553,-89.1182917177
CARTHE_011,2012-07-25 16:15:00,28.38912561856,-89.11815894305
CARTHE_011,2012-07-25 16:30:00,28.38649915277,-89.11861051794
CARTHE_011,2012-07-25 16:45:00,28.38360480929,-89.11964112814
CARTHE_011,2012-07-25 17:00:00,28.3805400675,-89.12105859254
CARTHE_011,2012-07-25 17:15:00,28.3774315799,-89.12253736649
CARTHE_011,2012-07-25 17:30:00,28.374385824,-89.12375055487
CARTHE_011,2012-07-25 17:45:00,28.37144690535,-89.12450374262
CARTHE_011,2012-07-25 18:00:00,28.36859190588,-89.12479127
CARTHE_011,2012-07-25 18:15:00,28.36576232347,-89.1247582768
CARTHE_011,2012-07-25 18:30:00,28.3629053622,-89.12460808871
CARTHE_011,2012-07-25 18:45:00,28.35999908208,-89.12450689016
CARTHE_011,2012-07-25 19:00:00,28.35705320287,-89.12452394169
CARTHE_011,2012-07-25 19:15:00,28.35409338457,-89.12462746243
CARTHE_011,2012-07-25 19:30:00,28.35114045878,-89.12473553851
CARTHE_011,2012-07-25 19:45:00,28.3481914649,-89.12479940653
CARTHE_011,2012-07-25 20:00:00,28.3452069043,-89.1248835917
CARTHE_011,2012-07-25 20:15:00,28.34211066605,-89.12520363295
CARTHE_011,2012-07-25 20:30:00,28.33880917743,-89.12608580921
CARTHE_011,2012-07-25 20:45:00,28.33522981422,-89.127838435
CARTHE_011,2012-07-25 21:00:00,28.33136474737,-89.13058036269
CARTHE_011,2012-07-25 21:15:00,28.32729058591,-89.13412996413
CARTHE_011,2012-07-25 21:30:00,28.32313863834,-89.13804987294
CARTHE_011,2012-07-25 21:45:00,28.31902698199,-89.14184042692
CARTHE_011,2012-07-25 22:00:00,28.31500014445,-89.14515765553
CARTHE_011,2012-07-25 22:15:00,28.31101600986,-89.14791732894
CARTHE_011,2012-07-25 22:30:00,28.30698216179,-89.15024390827
CARTHE_011,2012-07-25 22:45:00,28.30281279976,-89.15233026635
CARTHE_011,2012-07-25 23:00:00,28.29847071094,-89.15431639547
CARTHE_011,2012-07-25 23:15:00,28.29397599001,-89.15625875853
CARTHE_011,2012-07-25 23:30:00,28.28938716048,-89.15817925438
CARTHE_011,2012-07-25 23:45:00,28.28477198767,-89.1601240841
CARTHE_011,2012-07-26 00:00:00,28.28018340547,-89.16217671736
CARTHE_011,2012-07-26 00:15:00,28.27564831261,-89.16442748052
CARTHE_011,2012-07-26 00:30:00,28.27116978192,-89.16693542228
CARTHE_011,2012-07-26 00:45:00,28.26673641469,-89.16970980298
CARTHE_011,2012-07-26 01:00:00,28.26233045691,-89.17271692844
CARTHE_011,2012-07-26 01:15:00,28.25793171532,-89.17590099217
CARTHE_011,2012-07-26 01:30:00,28.25351997715,-89.1792064321
CARTHE_011,2012-07-26 01:45:00,28.24907920565,-89.18259644617
CARTHE_011,2012-07-26 02:00:00,28.24460350445,-89.18606114936
CARTHE_011,2012-07-26 02:15:00,28.24010359743,-89.18961400815
CARTHE_011,2012-07-26 02:30:00,28.23561325393,-89.1932848584
CARTHE_011,2012-07-26 02:45:00,28.23119105481,-89.19711549543
CARTHE_011,2012-07-26 03:00:00,28.22691059977,-89.2011593297
CARTHE_011,2012-07-26 03:15:00,28.22283978031,-89.20548494996
CARTHE_011,2012-07-26 03:30:00,28.21901813815,-89.21017779033
CARTHE_011,2012-07-26 03:45:00,28.21544255029,-89.2153267931
CARTHE_011,2012-07-26 04:00:00,28.21206786282,-89.22098787763
CARTHE_011,2012-07-26 04:15:00,28.20882285174,-89.22713630141
CARTHE_011,2012-07-26 04:30:00,28.20563555708,-89.23363927696
CARTHE_011,2012-07-26 04:45:00,28.20245975503,-89.24027995306
CARTHE_011,2012-07-26 05:00:00,28.19929323153,-89.24683289354
CARTHE_011,2012-07-26 05:15:00,28.19617826124,-89.25314628083
CARTHE_011,2012-07-26 05:30:00,28.19318259561,-89.25917699004
CARTHE_011,2012-07-26 05:45:00,28.19037122846,-89.26496544194
CARTHE_011,2012-07-26 06:00:00,28.18778379007,-89.27057949525
CARTHE_011,2012-07-26 06:15:00,28.18542655788,-89.27606609917
CARTHE_011,2012-07-26 06:30:00,28.1832787508,-89.28143221269
CARTHE_011,2012-07-26 06:45:00,28.18130798976,-89.28665311227
CARTHE_011,2012-07-26 07:00:00,28.17948644739,-89.2916941684
CARTHE_011,2012-07-26 07:15:00,28.17779626847,-89.29653489641
CARTHE_011,2012-07-26 07:30:00,28.17621943846,-89.30118820667
CARTHE_011,2012-07-26 07:45:00,28.17472321398,-89.30570501812
CARTHE_011,2012-07-26 08:00:00,28.17325832777,-89.31015774179
CARTHE_011,2012-07-26 08:15:00,28.17177486613,-89.31461047043
CARTHE_011,2012-07-26 08:30:00,28.17024537138,-89.3190929415
CARTHE_011,2012-07-26 08:45:00,28.16868047052,-89.32359010334
CARTHE_011,2012-07-26 09:00:00,28.16712885714,-89.32804911337
CARTHE_011,2012-07-26 09:15:00,28.16566322653,-89.33239902305
CARTHE_011,2012-07-26 09:30:00,28.16435896697,-89.33657469987
CARTHE_011,2012-07-26 09:45:00,28.16327095501,-89.34053575538
CARTHE_011,2012-07-26 10:00:00,28.16241273592,-89.3442719959
CARTHE_011,2012-07-26 10:15:00,28.16174593264,-89.34779199303
CARTHE_011,2012-07-26 10:30:00,28.16118768693,-89.35110326927
CARTHE_011,2012-07-26 10:45:00,28.16063444589,-89.35420044232
CARTHE_011,2012-07-26 11:00:00,28.15999002576,-89.35707021033
CARTHE_011,2012-07-26 11:15:00,28.15918513307,-89.35970608275
CARTHE_011,2012-07-26 11:30:00,28.15818287588,-89.36211755033
CARTHE_011,2012-07-26 11:45:00,28.15697410733,-89.36432505567
CARTHE_011,2012-07-26 12:00:00,28.15557032103,-89.3663449835
CARTHE_011,2012-07-26 12:15:00,28.153996168,-89.36817816317
CARTHE_011,2012-07-26 12:30:00,28.15227870964,-89.3698135923
CARTHE_011,2012-07-26 12:45:00,28.15043595987,-89.37124507524
CARTHE_011,2012-07-26 13:00:00,28.14847331712,-89.3724881201
CARTHE_011,2012-07-26 13:15:00,28.14639055191,-89.37358593233
CARTHE_011,2012-07-26 13:30:00,28.14419163423,-89.37459932236
CARTHE_011,2012-07-26 13:45:00,28.14188907839,-89.37558405662
CARTHE_011,2012-07-26 14:00:00,28.13950270104,-89.37656793518
CARTHE_011,2012-07-26 14:15:00,28.13705622312,-89.37754091374
CARTHE_011,2012-07-26 14:30:00,28.13457063965,-89.37846301952
CARTHE_011,2012-07-26 14:45:00,28.1320524194,-89.37928374392
CARTHE_011,2012-07-26 15:00:00,28.12948013528,-89.37996084496
CARTHE_011,2012-07-26 15:15:00,28.12679806636,-89.38047042685
CARTHE_011,2012-07-26 15:30:00,28.12392448522,-89.38081073399
CARTHE_011,2012-07-26 15:45:00,28.12077545492,-89.38100336484
CARTHE_011,2012-07-26 16:00:00,28.11729502308,-89.38108734864
CARTHE_011,2012-07-26 16:15:00,28.11347672839,-89.38110287794
CARTHE_011,2012-07-26 16:30:00,28.10936559185,-89.38107296235
CARTHE_011,2012-07-26 16:45:00,28.10503965553,-89.38099679868
CARTHE_011,2012-07-26 17:00:00,28.10057937899,-89.38086011492
CARTHE_011,2012-07-26 17:15:00,28.09603924339,-89.38065208867
CARTHE_011,2012-07-26 17:30:00,28.09143399072,-89.38037489988
CARTHE_011,2012-07-26 17:45:00,28.08674215428,-89.38004341161
CARTHE_011,2012-07-26 18:00:00,28.08192003413,-89.37967822136
CARTHE_011,2012-07-26 18:15:00,28.07691674993,-89.37929601051
CARTHE_011,2012-07-26 18:30:00,28.0716856887,-89.37890623246
CARTHE_011,2012-07-26 18:45:00,28.06619366743,-89.37852085749
CARTHE_011,2012-07-26 19:00:00,28.06043204909,-89.3781704852
CARTHE_011,2012-07-26 19:15:00,28.05442993243,-89.37791148792
CARTHE_011,2012-07-26 19:30:00,28.04825897242,-89.37781840811
CARTHE_011,2012-07-26 19:45:00,28.04201807326,-89.37796814188
CARTHE_011,2012-07-26 20:00:00,28.03580142312,-89.37842533261
CARTHE_011,2012-07-26 20:15:00,28.02966626193,-89.37923364745
CARTHE_011,2012-07-26 20:30:00,28.02361622887,-89.38041008275
CARTHE_011,2012-07-26 20:45:00,28.01760884435,-89.38194283439
CARTHE_011,2012-07-26 21:00:00,28.01158336797,-89.38379702052
CARTHE_011,2012-07-26 21:15:00,28.00549397219,-89.38592665222
CARTHE_011,2012-07-26 21:30:00,27.99933220787,-89.38828562666
CARTHE_011,2012-07-26 21:45:00,27.99313042906,-89.39083079555
CARTHE_011,2012-07-26 22:00:00,27.98694685829,-89.39351617116
CARTHE_011,2012-07-26 22:15:00,27.98083960065,-89.39628433975
CARTHE_011,2012-07-26 22:30:00,27.97484077008,-89.39906581909
CARTHE_011,2012-07-26 22:45:00,27.96894230362,-89.40179415217
CARTHE_011,2012-07-26 23:00:00,27.96310092177,-89.40443099605
CARTHE_011,2012-07-26 23:15:00,27.95726066054,-89.40698339715
CARTHE_011,2012-07-26 23:30:00,27.95138142634,-89.40949931245
CARTHE_011,2012-07-26 23:45:00,27.94545856351,-89.41204396151
CARTHE_011,2012-07-27 00:00:00,27.93952378703,-89.41467346053
CARTHE_011,2012-07-27 00:15:00,27.9336279966,-89.41742156615
CARTHE_011,2012-07-27 00:30:00,27.92781719535,-89.42030264042
CARTHE_011,2012-07-27 00:45:00,27.92211801087,-89.42332309761
CARTHE_011,2012-07-27 01:00:00,27.91654164181,-89.42649177704
CARTHE_011,2012-07-27 01:15:00,27.91109957405,-89.42982263759
CARTHE_011,2012-07-27 01:30:00,27.90581562435,-89.43332837119
CARTHE_011,2012-07-27 01:45:00,27.90072450687,-89.43700953234
CARTHE_011,2012-07-27 02:00:00,27.89586000579,-89.44084664324
CARTHE_011,2012-07-27 02:15:00,27.89124231835,-89.44480165857
CARTHE_011,2012-07-27 02:30:00,27.88687273252,-89.44883071606
CARTHE_011,2012-07-27 02:45:00,27.88273897368,-89.45290255027
CARTHE_011,2012-07-27 03:00:00,27.87882739563,-89.45701098822
CARTHE_011,2012-07-27 03:15:00,27.8751320184,-89.46117370778
CARTHE_011,2012-07-27 03:30:00,27.87165127831,-89.46541945095
CARTHE_011,2012-07-27 03:45:00,27.86837343329,-89.46977165798
CARTHE_011,2012-07-27 04:00:00,27.86526382064,-89.47423676727
CARTHE_011,2012-07-27 04:15:00,27.8622692426,-89.47880188862
CARTHE_011,2012-07-27 04:30:00,27.85934196028,-89.48344130876
CARTHE_011,2012-07-27 04:45:00,27.85646790796,-89.48812606183
CARTHE_011,2012-07-27 05:00:00,27.85367765649,-89.49282877489
CARTHE_011,2012-07-27 05:15:00,27.85103205043,-89.4975203382
CARTHE_011,2012-07-27 05:30:00,27.84859398607,-89.50216382483
CARTHE_011,2012-07-27 05:45:00,27.84640271456,-89.50671416114
CARTHE_011,2012-07-27 06:00:00,27.84445995865,-89.51112528386
CARTHE_011,2012-07-27 06:15:00,27.84273204849,-89.51535922883
CARTHE_011,2012-07-27 06:30:00,27.84116743316,-89.51939217262
CARTHE_011,2012-07-27 06:45:00,27.83972091174,-89.52321646666
CARTHE_011,2012-07-27 07:00:00,27.8383707296,-89.52683940858
CARTHE_011,2012-07-27 07:15:00,27.8371190183,-89.53027942682
CARTHE_011,2012-07-27 07:30:00,27.83597656237,-89.533560536
CARTHE_011,2012-07-27 07:45:00,27.83494362189,-89.53670721942
CARTHE_011,2012-07-27 08:00:00,27.83400232709,-89.5397415152
CARTHE_011,2012-07-27 08:15:00,27.83312607926,-89.54268066034
CARTHE_011,2012-07-27 08:30:00,27.83229633595,-89.54553245246
CARTHE_011,2012-07-27 08:45:00,27.83151072411,-89.54828955056
CARTHE_011,2012-07-27 09:00:00,27.83077322308,-89.5509281826
CARTHE_011,2012-07-27 09:15:00,27.83007300715,-89.55341520716
CARTHE_011,2012-07-27 09:30:00,27.82936995318,-89.55571967652
CARTHE_011,2012-07-27 09:45:00,27.82859914261,-89.55781961688
CARTHE_011,2012-07-27 10:00:00,27.82769139554,-89.5596988375
CARTHE_011,2012-07-27 10:15:00,27.82659667099,-89.5613388953
CARTHE_011,2012-07-27 10:30:00,27.82529766211,-89.56271642038
CARTHE_011,2012-07-27 10:45:00,27.8238090135,-89.56381067497
CARTHE_011,2012-07-27 11:00:00,27.82216731891,-89.56461552053
CARTHE_011,2012-07-27 11:15:00,27.82042120913,-89.56514535271
CARTHE_011,2012-07-27 11:30:00,27.81862378276,-89.56542973549
CARTHE_011,2012-07-27 11:45:00,27.81682177724,-89.56549978923
CARTHE_011,2012-07-27 12:00:00,27.81504026449,-89.5653746557
CARTHE_011,2012-07-27 12:15:00,27.81327082851,-89.56505572267
CARTHE_011,2012-07-27 12:30:00,27.81147184721,-89.56453093712
CARTHE_011,2012-07-27 12:45:00,27.80958178292,-89.56378617621
CARTHE_011,2012-07-27 13:00:00,27.80753888779,-89.56281747165
CARTHE_011,2012-07-27 13:15:00,27.80529734996,-89.5616385321
CARTHE_011,2012-07-27 13:30:00,27.80283320141,-89.56028118668
CARTHE_011,2012-07-27 13:45:00,27.800141367,-89.55878973015
CARTHE_011,2012-07-27 14:00:00,27.79723077243,-89.55721289622
CARTHE_011,2012-07-27 14:15:00,27.7941236027,-89.55559645714
CARTHE_011,2012-07-27 14:30:00,27.79085819115,-89.55397730343
CARTHE_011,2012-07-27 14:45:00,27.78748745637,-89.55237911918
CARTHE_011,2012-07-27 15:00:00,27.78406537517,-89.55081005239
CARTHE_011,2012-07-27 15:15:00,27.78062512448,-89.54926370004
CARTHE_011,2012-07-27 15:30:00,27.77716388743,-89.54772446283
CARTHE_011,2012-07-27 15:45:00,27.7736464456,-89.54617625971
CARTHE_011,2012-07-27 16:00:00,27.77002444605,-89.54461136806
CARTHE_011,2012-07-27 16:15:00,27.76625806802,-89.54303474654
CARTHE_011,2012-07-27 16:30:00,27.76232982486,-89.54146043266
CARTHE_011,2012-07-27 16:45:00,27.75824710773,-89.5399022054
CARTHE_011,2012-07-27 17:00:00,27.75403413143,-89.5383658135
CARTHE_011,2012-07-27 17:15:00,27.74971715171,-89.53684831728
CARTHE_011,2012-07-27 17:30:00,27.74530904127,-89.53534441186
CARTHE_011,2012-07-27 17:45:00,27.74080072303,-89.5338557918
CARTHE_011,2012-07-27 18:00:00,27.73616502781,-89.53239900801
CARTHE_011,2012-07-27 18:15:00,27.73137048832,-89.53100824587
CARTHE_011,2012-07-27 18:30:00,27.72639662135,-89.5297308313
CARTHE_011,2012-07-27 18:45:00,27.7212428099,-89.52861584426
CARTHE_011,2012-07-27 19:00:00,27.71592672858,-89.52770003377
CARTHE_011,2012-07-27 19:15:00,27.71047424444,-89.52699755769
CARTHE_011,2012-07-27 19:30:00,27.7049076555,-89.52649829777
CARTHE_011,2012-07-27 19:45:00,27.69923897994,-89.52617445483
CARTHE_011,2012-07-27 20:00:00,27.69347042053,-89.5259908548
CARTHE_011,2012-07-27 20:15:00,27.6875998487,-89.52591431664
CARTHE_011,2012-07-27 20:30:00,27.68162690053,-89.52591978438
CARTHE_011,2012-07-27 20:45:00,27.67555551186,-89.525992259
CARTHE_011,2012-07-27 21:00:00,27.66939141129,-89.52612552178
CARTHE_011,2012-07-27 21:15:00,27.66313630168,-89.52632145596
CARTHE_011,2012-07-27 21:30:00,27.65678278558,-89.52659276285
CARTHE_011,2012-07-27 21:45:00,27.65031530561,-89.5269665028
CARTHE_011,2012-07-27 22:00:00,27.64371980891,-89.52748262998
CARTHE_011,2012-07-27 22:15:00,27.63699831615,-89.52818501278
CARTHE_011,2012-07-27 22:30:00,27.63018052172,-89.52910935526
CARTHE_011,2012-07-27 22:45:00,27.62332571912,-89.53027520381
CARTHE_011,2012-07-27 23:00:00,27.61651254204,-89.53168580329
CARTHE_011,2012-07-27 23:15:00,27.60981925552,-89.53333457834
CARTHE_011,2012-07-27 23:30:00,27.60330224751,-89.5352134371
CARTHE_011,2012-07-27 23:45:00,27.59698300724,-89.53731789844
CARTHE_011,2012-07-28 00:00:00,27.59085059241,-89.53964712272
CARTHE_011,2012-07-28 00:15:00,27.58487820587,-89.54220014977
CARTHE_011,2012-07-28 00:30:00,27.5790437077,-89.54497084912
CARTHE_011,2012-07-28 00:45:00,27.57334092282,-89.54794415972
CARTHE_011,2012-07-28 01:00:00,27.56777633795,-89.55109652257
CARTHE_011,2012-07-28 01:15:00,27.56235751146,-89.55440180214
CARTHE_011,2012-07-28 01:30:00,27.55708467333,-89.5578392004
CARTHE_011,2012-07-28 01:45:00,27.55195384222,-89.56139668277
CARTHE_011,2012-07-28 02:00:00,27.54697054706,-89.56506678586
CARTHE_011,2012-07-28 02:15:00,27.54216294154,-89.56883847731
CARTHE_011,2012-07-28 02:30:00,27.5375812457,-89.57269109268
CARTHE_011,2012-07-28 02:45:00,27.53328014664,-89.57659281499
CARTHE_011,2012-07-28 03:00:00,27.52929471532,-89.58050326828
CARTHE_011,2012-07-28 03:15:00,27.52562571639,-89.58438020191
CARTHE_011,2012-07-28 03:30:00,27.52224187313,-89.58818971535
CARTHE_011,2012-07-28 03:45:00,27.51909428795,-89.5919159097
CARTHE_011,2012-07-28 04:00:00,27.51613253368,-89.59556395594
CARTHE_011,2012-07-28 04:15:00,27.51331565658,-89.59915374305
CARTHE_011,2012-07-28 04:30:00,27.5106168432,-89.6027063162
CARTHE_011,2012-07-28 04:45:00,27.50802152199,-89.60622919251
CARTHE_011,2012-07-28 05:00:00,27.50552121001,-89.60970844421
CARTHE_011,2012-07-28 05:15:00,27.50311003279,-89.61311300345
CARTHE_011,2012-07-28 05:30:00,27.50078806171,-89.61640954413
CARTHE_011,2012-07-28 05:45:00,27.49856706121,-89.61957899027
CARTHE_011,2012-07-28 06:00:00,27.49647142368,-89.62262472046
CARTHE_011,2012-07-28 06:15:00,27.49453268639,-89.62556829954
CARTHE_011,2012-07-28 06:30:00,27.49278265525,-89.62843512532
CARTHE_011,2012-07-28 06:45:00,27.49125053025,-89.63123661547
CARTHE_011,2012-07-28 07:00:00,27.48996394441,-89.63395727259
CARTHE_011,2012-07-28 07:15:00,27.48894885433,-89.63655337135
CARTHE_011,2012-07-28 07:30:00,27.48822430357,-89.63896467662
CARTHE_011,2012-07-28 07:45:00,27.48779346401,-89.64113355872
CARTHE_011,2012-07-28 08:00:00,27.48763519347,-89.64302245506
CARTHE_011,2012-07-28 08:15:00,27.48769922919,-89.64462274019
CARTHE_011,2012-07-28 08:30:00,27.48790681206,-89.64595300034
CARTHE_011,2012-07-28 08:45:00,27.48815947727,-89.64704875341
CARTHE_011,2012-07-28 09:00:00,27.4883592693,-89.64794743612
CARTHE_011,2012-07-28 09:15:00,27.48843778689,-89.64867404484
CARTHE_011,2012-07-28 09:30:00,27.48838138761,-89.64923306259
CARTHE_011,2012-07-28 09:45:00,27.48823619188,-89.64960948537
CARTHE_011,2012-07-28 10:00:00,27.48808550307,-89.6497780802
CARTHE_011,2012-07-28 10:15:00,27.48800935577,-89.64971652018
CARTHE_011,2012-07-28 10:30:00,27.48804763481,-89.64941582452
CARTHE_011,2012-07-28 10:45:00,27.48818469713,-89.64888306193
CARTHE_011,2012-07-28 11:00:00,27.4883589411,-89.6481363356
CARTHE_011,2012-07-28 11:15:00,27.48848876317,-89.64719663738
CARTHE_011,2012-07-28 11:30:00,27.48850233207,-89.64608184994
CARTHE_011,2012-07-28 11:45:00,27.48835952372,-89.64480476463
CARTHE_011,2012-07-28 12:00:00,27.48805870851,-89.64337294232
CARTHE_011,2012-07-28 12:15:00,27.48762829609,-89.64178721258
CARTHE_011,2012-07-28 12:30:00,27.48710821024,-89.64003893739
CARTHE_011,2012-07-28 12:45:00,27.48652775785,-89.63810997833
CARTHE_011,2012-07-28 13:00:00,27.48588677743,-89.63597785855
CARTHE_011,2012-07-28 13:15:00,27.48514701856,-89.63362437976
CARTHE_011,2012-07-28 13:30:00,27.48423836054,-89.63104443419
CARTHE_011,2012-07-28 13:45:00,27.48307987886,-89.62825159388
CARTHE_011,2012-07-28 14:00:00,27.48161039862,-89.62527710414
CARTHE_011,2012-07-28 14:15:00,27.47981664678,-89.62216142791
CARTHE_011,2012-07-28 14:30:00,27.47774273951,-89.61894256748
CARTHE_011,2012-07-28 14:45:00,27.47547171546,-89.61564829304
CARTHE_011,2012-07-28 15:00:00,27.47308709269,-89.61229580073
CARTHE_011,2012-07-28 15:15:00,27.47063561701,-89.60889564061
CARTHE_011,2012-07-28 15:30:00,27.46810960788,-89.60545425564
CARTHE_011,2012-07-28 15:45:00,27.46545274353,-89.60197379632
CARTHE_011,2012-07-28 16:00:00,27.46258268847,-89.59845285092
CARTHE_011,2012-07-28 16:15:00,27.4594227711,-89.59489026692
CARTHE_011,2012-07-28 16:30:00,27.45593309138,-89.59128918451
CARTHE_011,2012-07-28 16:45:00,27.45212622058,-89.58765707992
CARTHE_011,2012-07-28 17:00:00,27.44805736443,-89.58400251081
CARTHE_011,2012-07-28 17:15:00,27.44379622915,-89.58033459823
CARTHE_011,2012-07-28 17:30:00,27.43939835586,-89.57667010254
CARTHE_011,2012-07-28 17:45:00,27.43488914131,-89.57304554192
CARTHE_011,2012-07-28 18:00:00,27.4302652502,-89.56952546754
CARTHE_011,2012-07-28 18:15:00,27.42551096221,-89.56619754108
CARTHE_011,2012-07-28 18:30:00,27.42062009879,-89.563150219
CARTHE_011,2012-07-28 18:45:00,27.41560947015,-89.56044101706
CARTHE_011,2012-07-28 19:00:00,27.41051475301,-89.55807562425
CARTHE_011,2012-07-28 19:15:00,27.40537593621,-89.55601300515
CARTHE_011,2012-07-28 19:30:00,27.40022794319,-89.55419084657
CARTHE_011,2012-07-28 19:45:00,27.39510095519,-89.55255327899
CARTHE_011,2012-07-28 20:00:00,27.39002294392,-89.55106684354
CARTHE_011,2012-07-28 20:15:00,27.38501846816,-89.54972118893
CARTHE_011,2012-07-28 20:30:00,27.38010560734,-89.54851947576
CARTHE_011,2012-07-28 20:45:00,27.37529553338,-89.5474662954
CARTHE_011,2012-07-28 21:00:00,27.37059569106,-89.54655825475
CARTHE_011,2012-07-28 21:15:00,27.36601341291,-89.54577890951
CARTHE_011,2012-07-28 21:30:00,27.36155545304,-89.54509919111
CARTHE_011,2012-07-28 21:45:00,27.35722125038,-89.54448453007
CARTHE_011,2012-07-28 22:00:00,27.35299392762,-89.54390690901
CARTHE_011,2012-07-28 22:15:00,27.34883807765,-89.54335591014
CARTHE_011,2012-07-28 22:30:00,27.34470920381,-89.5428422245
CARTHE_011,2012-07-28 22:45:00,27.34057000955,-89.54239125973
CARTHE_011,2012-07-28 23:00:00,27.33640501628,-89.5420307506
CARTHE_011,2012-07-28 23:15:00,27.33222846186,-89.54178038445
CARTHE_011,2012-07-28 23:30:00,27.32808420811,-89.54164923562
CARTHE_011,2012-07-28 23:45:00,27.3240370346,-89.54163969773
CARTHE_011,2012-07-29 00:00:00,27.32015591461,-89.54175178899
CARTHE_011,2012-07-29 00:15:00,27.31649395356,-89.54198337975
CARTHE_011,2012-07-29 00:30:00,27.31307306204,-89.54232749263
CARTHE_011,2012-07-29 00:45:00,27.30988105262,-89.54277056521
CARTHE_011,2012-07-29 01:00:00,27.30688322069,-89.54329329797
CARTHE_011,2012-07-29 01:15:00,27.30404211587,-89.54387305599
CARTHE_011,2012-07-29 01:30:00,27.3013354092,-89.544486484
CARTHE_011,2012-07-29 01:45:00,27.29876431749,-89.54511207002
CARTHE_011,2012-07-29 02:00:00,27.29635033606,-89.54573307184
CARTHE_011,2012-07-29 02:15:00,27.29412352029,-89.5463403863
CARTHE_011,2012-07-29 02:30:00,27.29210888915,-89.54693362536
CARTHE_011,2012-07-29 02:45:00,27.29031740327,-89.54751845115
CARTHE_011,2012-07-29 03:00:00,27.28874513306,-89.54810026969
CARTHE_011,2012-07-29 03:15:00,27.28738013046,-89.5486774086
CARTHE_011,2012-07-29 03:30:00,27.28621266124,-89.54923738696
CARTHE_011,2012-07-29 03:45:00,27.28524317669,-89.54975758901
CARTHE_011,2012-07-29 04:00:00,27.28448323991,-89.5502099926
CARTHE_011,2012-07-29 04:15:00,27.28394691788,-89.55056854194
CARTHE_011,2012-07-29 04:30:00,27.28363605042,-89.55081621849
CARTHE_011,2012-07-29 04:45:00,27.28352900405,-89.55094837055
CARTHE_011,2012-07-29 05:00:00,27.28358188074,-89.55097037607
CARTHE_011,2012-07-29 05:15:00,27.28374296764,-89.55089090534
CARTHE_011,2012-07-29 05:30:00,27.28397209096,-89.55071460252
CARTHE_011,2012-07-29 05:45:00,27.28425372136,-89.55043805517
CARTHE_011,2012-07-29 06:00:00,27.28459804603,-89.55005024969
CARTHE_011,2012-07-29 06:15:00,27.28503248075,-89.54953544792
CARTHE_011,2012-07-29 06:30:00,27.28559010574,-89.54887569569
CARTHE_011,2012-07-29 06:45:00,27.28630039163,-89.54805192989
CARTHE_011,2012-07-29 07:00:00,27.28718375864,-89.54704453109
CARTHE_011,2012-07-29 07:15:00,27.28824863897,-89.54583414135
CARTHE_011,2012-07-29 07:30:00,27.28949048262,-89.5444024242
CARTHE_011,2012-07-29 07:45:00,27.29089187427,-89.5427320265
CARTHE_011,2012-07-29 08:00:00,27.29242158237,-89.54080642641
CARTHE_011,2012-07-29 08:15:00,27.29403345978,-89.53861138281
CARTHE_011,2012-07-29 08:30:00,27.29567061996,-89.53613767139
CARTHE_011,2012-07-29 08:45:00,27.29727645904,-89.53338321757
CARTHE_011,2012-07-29 09:00:00,27.2988062887,-89.5303535188
CARTHE_011,2012-07-29 09:15:00,27.3002334441,-89.52706104276
CARTHE_011,2012-07-29 09:30:00,27.30154814388,-89.52352469591
CARTHE_011,2012-07-29 09:45:00,27.30274911407,-89.51976883005
CARTHE_011,2012-07-29 10:00:00,27.30383040914,-89.51582117143
CARTHE_011,2012-07-29 10:15:00,27.30477041065,-89.51171024191
CARTHE_011,2012-07-29 10:30:00,27.30553084537,-89.50746292296
CARTHE_011,2012-07-29 10:45:00,27.3060687801,-89.50310230788
CARTHE_011,2012-07-29 11:00:00,27.30635614513,-89.49864533258
CARTHE_011,2012-07-29 11:15:00,27.30639545529,-89.49409977514
CARTHE_011,2012-07-29 11:30:00,27.30622289336,-89.48946192109
CARTHE_011,2012-07-29 11:45:00,27.30589790325,-89.48471787532
CARTHE_011,2012-07-29 12:00:00,27.30548466035,-89.4798500097
CARTHE_011,2012-07-29 12:15:00,27.30503311968,-89.47484609785
CARTHE_011,2012-07-29 12:30:00,27.30456747164,-89.46970644658
CARTHE_011,2012-07-29 12:45:00,27.30408619784,-89.46444526918
CARTHE_011,2012-07-29 13:00:00,27.30357030694,-89.45908570527
CARTHE_011,2012-07-29 13:15:00,27.30299105731,-89.4536519932
CARTHE_011,2012-07-29 13:30:00,27.30231127277,-89.44816428114
CARTHE_011,2012-07-29 13:45:00,27.30148266883,-89.4426391609
CARTHE_011,2012-07-29 14:00:00,27.30044787052,-89.43709372106
CARTHE_011,2012-07-29 14:15:00,27.29915364866,-89.43154688403
CARTHE_011,2012-07-29 14:30:00,27.29757287971,-89.42601300631
CARTHE_011,2012-07-29 14:45:00,27.29572523783,-89.42048915728
CARTHE_011,2012-07-29 15:00:00,27.29368545902,-89.41494342028
CARTHE_011,2012-07-29 15:15:00,27.29157270517,-89.40931233187
CARTHE_011,2012-07-29 15:30:00,27.28952197302,-89.40351190827
CARTHE_011,2012-07-29 15:45:00,27.28764528721,-89.39746071188
CARTHE_011,2012-07-29 16:00:00,27.28599615632,-89.39110596324
CARTHE_011,2012-07-29 16:15:00,27.28455588605,-89.38443710668
CARTHE_011,2012-07-29 16:30:00,27.28325414149,-89.37747725035
CARTHE_011,2012-07-29 16:45:00,27.28201134072,-89.37026630151
CARTHE_011,2012-07-29 17:00:00,27.28077190795,-89.36285666866
CARTHE_011,2012-07-29 17:15:00,27.27950864324,-89.35531344288
CARTHE_011,2012-07-29 17:30:00,27.27820499935,-89.34769258779
CARTHE_011,2012-07-29 17:45:00,27.27683703747,-89.33999652513
CARTHE_011,2012-07-29 18:00:00,27.27536971096,-89.33214763327
CARTHE_011,2012-07-29 18:15:00,27.27376523263,-89.32401818802
CARTHE_011,2012-07-29 18:30:00,27.27199238777,-89.31550561292
CARTHE_011,2012-07-29 18:45:00,27.27003038629,-89.30659861193
CARTHE_011,2012-07-29 19:00:00,27.26787029226,-89.29738575206
CARTHE_011,2012-07-29 19:15:00,27.26551830574,-89.28800663582
CARTHE_011,2012-07-29 19:30:00,27.26299767121,-89.27858711948
CARTHE_011,2012-07-29 19:45:00,27.2603439388,-89.26919883889
CARTHE_011,2012-07-29 20:00:00,27.25759669623,-89.25985505689
CARTHE_011,2012-07-29 20:15:00,27.25479643133,-89.25053138075
CARTHE_011,2012-07-29 20:30:00,27.25198809488,-89.24119454577
CARTHE_011,2012-07-29 20:45:00,27.24922387992,-89.23182677379
CARTHE_011,2012-07-29 21:00:00,27.24655776797,-89.22243826673
CARTHE_011,2012-07-29 21:15:00,27.24402930374,-89.21306572441
CARTHE_011,2012-07-29 21:30:00,27.24164081749,-89.2037601989
CARTHE_011,2012-07-29 21:45:00,27.2393405814,-89.1945713526
CARTHE_011,2012-07-29 22:00:00,27.23702773902,-89.18553456082
CARTHE_011,2012-07-29 22:15:00,27.23458608877,-89.17666318656
CARTHE_011,2012-07-29 22:30:00,27.23193377808,-89.16794610639
CARTHE_011,2012-07-29 22:45:00,27.22906290153,-89.15935229302
CARTHE_011,2012-07-29 23:00:00,27.2260479302,-89.1508431546
CARTHE_011,2012-07-29 23:15:00,27.22301816263,-89.14238823532
CARTHE_011,2012-07-29 23:30:00,27.22010833364,-89.13397923608
CARTHE_011,2012-07-29 23:45:00,27.21741322246,-89.12563902766
CARTHE_011,2012-07-30 00:00:00,27.21496829764,-89.11741989127
CARTHE_011,2012-07-30 00:15:00,27.21276090619,-89.10938552888
CARTHE_011,2012-07-30 00:30:00,27.21075738206,-89.10158125895
CARTHE_011,2012-07-30 00:45:00,27.20892633048,-89.09400914431
CARTHE_011,2012-07-30 01:00:00,27.20724989307,-89.08662484599
CARTHE_011,2012-07-30 01:15:00,27.20572729544,-89.07935850326
CARTHE_011,2012-07-30 01:30:00,27.2043752548,-89.07214517859
CARTHE_011,2012-07-30 01:45:00,27.20322374671,-89.06494592436
CARTHE_011,2012-07-30 02:00:00,27.20230531913,-89.05775059747
CARTHE_011,2012-07-30 02:15:00,27.20164267476,-89.05056577848
CARTHE_011,2012-07-30 02:30:00,27.20124316731,-89.0433976528
CARTHE_011,2012-07-30 02:45:00,27.20110452382,-89.03623997711
CARTHE_011,2012-07-30 03:00:00,27.2012280864,-89.02907172159
CARTHE_011,2012-07-30 03:15:00,27.20163002655,-89.02186187502
CARTHE_011,2012-07-30 03:30:00,27.20234016487,-89.01457622851
CARTHE_011,2012-07-30 03:45:00,27.20338547214,-89.00718220875
CARTHE_011,2012-07-30 04:00:00,27.20476956545,-88.99964971207
CARTHE_011,2012-07-30 04:15:00,27.20646561732,-88.99194892658
CARTHE_011,2012-07-30 04:30:00,27.20842743174,-88.98404840597
CARTHE_011,2012-07-30 04:45:00,27.21060590405,-88.97591613658
CARTHE_011,2012-07-30 05:00:00,27.21295512566,-88.96752394247
CARTHE_011,2012-07-30 05:15:00,27.21542651633,-88.95885380404
CARTHE_011,2012-07-30 05:30:00,27.21796400797,-88.94990377248
CARTHE_011,2012-07-30 05:45:00,27.22051144966,-88.94068972067
CARTHE_011,2012-07-30 06:00:00,27.2230290144,-88.93123967335
CARTHE_011,2012-07-30 06:15:00,27.22550607677,-88.92158187567
CARTHE_011,2012-07-30 06:30:00,27.2279617952,-88.91173235455
CARTHE_011,2012-07-30 06:45:00,27.2304330264,-88.9016884365
CARTHE_011,2012-07-30 07:00:00,27.23295571223,-88.89143168229
CARTHE_011,2012-07-30 07:15:00,27.23555016256,-88.88093791556
CARTHE_011,2012-07-30 07:30:00,27.23821722097,-88.87018763324
CARTHE_011,2012-07-30 07:45:00,27.24094293055,-88.85917172547
CARTHE_011,2012-07-30 08:00:00,27.24370511366,-88.84789321393
CARTHE_011,2012-07-30 08:15:00,27.246478364,-88.83637076455
CARTHE_011,2012-07-30 08:30:00,27.2492367589,-88.82464783588
CARTHE_011,2012-07-30 08:45:00,27.25195455401,-88.81280194675
CARTHE_011,2012-07-30 09:00:00,27.25460470124,-88.80094239836
CARTHE_011,2012-07-30 09:15:00,27.25715648869,-88.78919044908
CARTHE_011,2012-07-30 09:30:00,27.25957673008,-88.77764829546
CARTHE_011,2012-07-30 09:45:00,27.26183508179,-88.76637415786
CARTHE_011,2012-07-30 10:00:00,27.26390730417,-88.75538073827
CARTHE_011,2012-07-30 10:15:00,27.2657742124,-88.74465337969
CARTHE_011,2012-07-30 10:30:00,27.26742357728,-88.73416464789
CARTHE_011,2012-07-30 10:45:00,27.26885856008,-88.72387273274
CARTHE_011,2012-07-30 11:00:00,27.27010291828,-88.71371561255
CARTHE_011,2012-07-30 11:15:00,27.27119272799,-88.70361967651
CARTHE_011,2012-07-30 11:30:00,27.27215812098,-88.69352619793
CARTHE_011,2012-07-30 11:45:00,27.27300975578,-88.68341766687
CARTHE_011,2012-07-30 12:00:00,27.27374280566,-88.67331994167
CARTHE_011,2012-07-30 12:15:00,27.27435711329,-88.6632761335
CARTHE_011,2012-07-30 12:30:00,27.27487829869,-88.65331224238
CARTHE_011,2012-07-30 12:45:00,27.27536187803,-88.64341882764
CARTHE_011,2012-07-30 13:00:00,27.2758737084,-88.63355907138
CARTHE_011,2012-07-30 13:15:00,27.27645804137,-88.62369449387
CARTHE_011,2012-07-30 13:30:00,27.27711393904,-88.61380894027
CARTHE_011,2012-07-30 13:45:00,27.27779372214,-88.60391706935
CARTHE_011,2012-07-30 14:00:00,27.27842193079,-88.59405713222
CARTHE_011,2012-07-30 14:15:00,27.27892354815,-88.58427662056
CARTHE_011,2012-07-30 14:30:00,27.27924878168,-88.57461953695
CARTHE_011,2012-07-30 14:45:00,27.27938558113,-88.56511934332
CARTHE_011,2012-07-30 15:00:00,27.27935799137,-88.55579599504
CARTHE_011,2012-07-30 15:15:00,27.27921430653,-88.54665285132
CARTHE_011,2012-07-30 15:30:00,27.27901028355,-88.53767275254
CARTHE_011,2012-07-30 15:45:00,27.27879182466,-88.52881745617
CARTHE_011,2012-07-30 16:00:00,27.27858228325,-88.52003401464
CARTHE_011,2012-07-30 16:15:00,27.27837959719,-88.51126786914
CARTHE_011,2012-07-30 16:30:00,27.27816526007,-88.50247958079
CARTHE_011,2012-07-30 16:45:00,27.27792184225,-88.49365984327
CARTHE_011,2012-07-30 17:00:00,27.27765074686,-88.48483532726
CARTHE_011,2012-07-30 17:15:00,27.27738100887,-88.47606016571
CARTHE_011,2012-07-30 17:30:00,27.27716428729,-88.46739679259
CARTHE_011,2012-07-30 17:45:00,27.27705855006,-88.4588967493
CARTHE_011,2012-07-30 18:00:00,27.27710882133,-88.45058947322
CARTHE_011,2012-07-30 18:15:00,27.27733404755,-88.44248003082
CARTHE_011,2012-07-30 18:30:00,27.27772518639,-88.43455315101
CARTHE_011,2012-07-30 18:45:00,27.27825352845,-88.42678162302
CARTHE_011,2012-07-30 19:00:00,27.2788832775,-88.41913531805
CARTHE_011,2012-07-30 19:15:00,27.27958191619,-88.41158528506
CARTHE_011,2012-07-30 19:30:00,27.28032518264,-88.40410283096
CARTHE_011,2012-07-30 19:45:00,27.28109802365,-88.39665980998
CARTHE_011,2012-07-30 20:00:00,27.28189543582,-88.38923491429
CARTHE_011,2012-07-30 20:15:00,27.28272540535,-88.38182202931
CARTHE_011,2012-07-30 20:30:00,27.28361222518,-88.37443149393
CARTHE_011,2012-07-30 20:45:00,27.2845953535,-88.36708173453
CARTHE_011,2012-07-30 21:00:00,27.28571953163,-88.35978822069
CARTHE_011,2012-07-30 21:15:00,27.28701850568,-88.352558073
CARTHE_011,2012-07-30 21:30:00,27.28850131616,-88.34539293612
CARTHE_011,2012-07-30 21:45:00,27.29014902333,-88.33829696662
CARTHE_011,2012-07-30 22:00:00,27.29192293903,-88.33128409426
CARTHE_011,2012-07-30 22:15:00,27.29377969285,-88.32437800068
CARTHE_011,2012-07-30 22:30:00,27.29568683556,-88.31760192012
CARTHE_011,2012-07-30 22:45:00,27.29763406789,-88.31096356214
CARTHE_011,2012-07-30 23:00:00,27.29963703621,-88.30444581143
CARTHE_011,2012-07-30 23:15:00,27.30173132823,-88.29800971499
CARTHE_011,2012-07-30 23:30:00,27.30395689175,-88.29160636634
CARTHE_011,2012-07-30 23:45:00,27.30633871048,-88.28518973939
CARTHE_011,2012-07-31 00:00:00,27.30887325312,-88.27872690101
CARTHE_011,2012-07-31 00:15:00,27.31152837159,-88.27220536767
CARTHE_011,2012-07-31 00:30:00,27.31425775727,-88.26563565257
CARTHE_011,2012-07-31 00:45:00,27.3170226218,-88.25904718222
CARTHE_011,2012-07-31 01:00:00,27.31980786859,-88.25247887596
CARTHE_011,2012-07-31 01:15:00,27.32262282946,-88.24596735234
CARTHE_011,2012-07-31 01:30:00,27.32548670164,-88.23953580297
CARTHE_011,2012-07-31 01:45:00,27.32840861716,-88.23318841942
CARTHE_011,2012-07-31 02:00:00,27.33137596497,-88.22691490295
CARTHE_011,2012-07-31 02:15:00,27.33436006514,-88.22070249995
CARTHE_011,2012-07-31 02:30:00,27.33733636775,-88.2145458006
CARTHE_011,2012-07-31 02:45:00,27.34030528131,-88.20844658683
CARTHE_011,2012-07-31 03:00:00,27.34329922601,-88.20240621584
CARTHE_011,2012-07-31 03:15:00,27.34637137668,-88.19641966032
CARTHE_011,2012-07-31 03:30:00,27.34957266521,-88.19047678983
CARTHE_011,2012-07-31 03:45:00,27.35292833049,-88.18456928489
CARTHE_011,2012-07-31 04:00:00,27.35642356176,-88.1786982216
CARTHE_011,2012-07-31 04:15:00,27.36000284973,-88.17287831956
CARTHE_011,2012-07-31 04:30:00,27.36358261257,-88.16713670833
CARTHE_011,2012-07-31 04:45:00,27.36707276438,-88.16150543539
CARTHE_011,2012-07-31 05:00:00,27.37040054163,-88.15600927882
CARTHE_011,2012-07-31 05:15:00,27.37352911533,-88.15065222365
CARTHE_011,2012-07-31 05:30:00,27.37646357403,-88.14540817038
CARTHE_011,2012-07-31 05:45:00,27.37924068006,-88.14022318461
CARTHE_011,2012-07-31 06:00:00,27.3819070277,-88.13503203662
CARTHE_011,2012-07-31 06:15:00,27.38449696626,-88.12978251919
CARTHE_011,2012-07-31 06:30:00,27.38702026665,-88.12445605165
CARTHE_011,2012-07-31 06:45:00,27.38946256646,-88.1190745053
CARTHE_011,2012-07-31 07:00:00,27.39179602629,-88.11368975136
CARTHE_011,2012-07-31 07:15:00,27.39399536675,-88.10836128198
CARTHE_011,2012-07-31 07:30:00,27.39605315269,-88.10313250278
CARTHE_011,2012-07-31 07:45:00,27.39798726483,-88.09801536127
CARTHE_011,2012-07-31 08:00:00,27.39983586922,-88.0929890029
CARTHE_011,2012-07-31 08:15:00,27.40164252072,-88.08801188647
CARTHE_011,2012-07-31 08:30:00,27.40344117729,-88.08303837049
CARTHE_011,2012-07-31 08:45:00,27.40524960092,-88.07802859857
CARTHE_011,2012-07-31 09:00:00,27.40707064276,-88.0729505705
CARTHE_011,2012-07-31 09:15:00,27.40889546313,-88.06778253817
CARTHE_011,2012-07-31 09:30:00,27.41070514786,-88.06251837786
CARTHE_011,2012-07-31 09:45:00,27.41247196683,-88.0571691459
CARTHE_011,2012-07-31 10:00:00,27.41416364657,-88.05175516589
CARTHE_011,2012-07-31 10:15:00,27.41575111749,-88.04629251924
CARTHE_011,2012-07-31 10:30:00,27.41721487535,-88.04078396407
CARTHE_011,2012-07-31 10:45:00,27.41854486066,-88.03522099919
CARTHE_011,2012-07-31 11:00:00,27.41973462468,-88.02959585071
CARTHE_011,2012-07-31 11:15:00,27.42077630609,-88.02391603404
CARTHE_011,2012-07-31 11:30:00,27.42166242632,-88.01821273043
CARTHE_011,2012-07-31 11:45:00,27.42239390583,-88.01253730621
CARTHE_011,2012-07-31 12:00:00,27.42298766109,-88.00694742301
CARTHE_011,2012-07-31 12:15:00,27.42347739965,-88.00149046233
CARTHE_011,2012-07-31 12:30:00,27.42390612473,-87.99619312714
CARTHE_011,2012-07-31 12:45:00,27.42431325776,-87.99106284357
CARTHE_011,2012-07-31 13:00:00,27.4247213494,-87.98609935243
CARTHE_011,2012-07-31 13:15:00,27.42512825352,-87.98130713915
CARTHE_011,2012-07-31 13:30:00,27.42550962142,-87.97669852003
CARTHE_011,2012-07-31 13:45:00,27.42583191324,-87.9722851084
CARTHE_011,2012-07-31 14:00:00,27.42606972954,-87.96806562849
CARTHE_011,2012-07-31 14:15:00,27.42621765688,-87.96402108166
CARTHE_011,2012-07-31 14:30:00,27.42628938486,-87.9601216117
CARTHE_011,2012-07-31 14:45:00,27.42630528567,-87.95634019166
CARTHE_011,2012-07-31 15:00:00,27.42627771503,-87.95266266479
CARTHE_011,2012-07-31 15:15:00,27.42620386082,-87.94908587233
CARTHE_011,2012-07-31 15:30:00,27.42606995022,-87.94560702095
CARTHE_011,2012-07-31 15:45:00,27.4258628811,-87.94221680481
CARTHE_011,2012-07-31 16:00:00,27.42558138305,-87.93890405461
CARTHE_011,2012-07-31 16:15:00,27.42524186872,-87.93566668403
CARTHE_011,2012-07-31 16:30:00,27.42487888512,-87.93251695557
CARTHE_011,2012-07-31 16:45:00,27.42454067814,-87.92947451395
CARTHE_011,2012-07-31 17:00:00,27.42427864513,-87.92655221535
CARTHE_011,2012-07-31 17:15:00,27.42413206502,-87.92374721034
CARTHE_011,2012-07-31 17:30:00,27.42411511447,-87.92104575406
CARTHE_011,2012-07-31 17:45:00,27.42421288157,-87.91843840652
CARTHE_011,2012-07-31 18:00:00,27.42438703262,-87.91593283335
CARTHE_011,2012-07-31 18:15:00,27.42458746849,-87.91355238941
CARTHE_011,2012-07-31 18:30:00,27.42476785761,-87.91131775513
CARTHE_011,2012-07-31 18:45:00,27.42490422859,-87.90921871184
CARTHE_011,2012-07-31 19:00:00,27.42501247446,-87.90718992134
CARTHE_011,2012-07-31 19:15:00,27.4251591182,-87.90510685488
CARTHE_011,2012-07-31 19:30:00,27.42546080277,-87.90281415015
CARTHE_011,2012-07-31 19:45:00,27.42606643993,-87.90018485229
CARTHE_011,2012-07-31 20:00:00,27.42711612797,-87.89718465073
CARTHE_011,2012-07-31 20:15:00,27.4286817583,-87.89389755751
CARTHE_011,2012-07-31 20:30:00,27.43071575278,-87.89048703538
CARTHE_011,2012-07-31 20:45:00,27.43304505479,-87.88711472138
CARTHE_011,2012-07-31 21:00:00,27.43542425546,-87.88387072288
CARTHE_011,2012-07-31 21:15:00,27.43762179367,-87.88075785603
CARTHE_011,2012-07-31 21:30:00,27.43949178134,-87.87773148169
CARTHE_011,2012-07-31 21:45:00,27.44099467213,-87.87475958773
CARTHE_011,2012-07-31 22:00:00,27.44216394903,-87.87186142526
CARTHE_011,2012-07-31 22:15:00,27.44305137173,-87.86910548454
CARTHE_011,2012-07-31 22:30:00,27.44369216876,-87.86657662797
CARTHE_011,2012-07-31 22:45:00,27.44410758161,-87.86433906374
CARTHE_011,2012-07-31 23:00:00,27.44433013059,-87.86241817205
CARTHE_011,2012-07-31 23:15:00,27.44442320914,-87.86080558662
CARTHE_011,2012-07-31 23:30:00,27.44447732616,-87.8594743927
CARTHE_011,2012-07-31 23:45:00,27.44458748413,-87.85838871331
CARTHE_011,2012-08-01 00:00:00,27.44482858764,-87.8575037915
CARTHE_011,2012-08-01 00:15:00,27.44524177706,-87.8567644881
CARTHE_011,2012-08-01 00:30:00,27.4458357465,-87.85611009164
CARTHE_011,2012-08-01 00:45:00,27.44660140459,-87.85548413988
CARTHE_011,2012-08-01 01:00:00,27.44753308647,-87.85484225998
CARTHE_011,2012-08-01 01:15:00,27.44864583739,-87.85415431448
CARTHE_011,2012-08-01 01:30:00,27.44998029703,-87.8534025731
CARTHE_011,2012-08-01 01:45:00,27.45159291688,-87.85257873231
CARTHE_011,2012-08-01 02:00:00,27.45353573158,-87.85168031932
CARTHE_011,2012-08-01 02:15:00,27.4558349154,-87.85070547686
CARTHE_011,2012-08-01 02:30:00,27.45847772047,-87.84964691132
CARTHE_011,2012-08-01 02:45:00,27.46141120678,-87.84848950224
CARTHE_011,2012-08-01 03:00:00,27.46455055846,-87.84721614246
CARTHE_011,2012-08-01 03:15:00,27.46779531618,-87.84581942715
CARTHE_011,2012-08-01 03:30:00,27.4710519753,-87.84431004337
CARTHE_011,2012-08-01 03:45:00,27.47425714123,-87.84271488038
CARTHE_011,2012-08-01 04:00:00,27.47739299644,-87.84106490828
CARTHE_011,2012-08-01 04:15:00,27.48048959123,-87.83937922883
CARTHE_011,2012-08-01 04:30:00,27.4836122634,-87.8376555549
CARTHE_011,2012-08-01 04:45:00,27.48683587865,-87.8358728349
CARTHE_011,2012-08-01 05:00:00,27.4902127934,-87.83400132925
CARTHE_011,2012-08-01 05:15:00,27.49374613163,-87.8320112506
CARTHE_011,2012-08-01 05:30:00,27.49737976176,-87.82987696648
CARTHE_011,2012-08-01 05:45:00,27.50101067928,-87.82758005756
CARTHE_011,2012-08-01 06:00:00,27.50452061655,-87.82511306332
CARTHE_011,2012-08-01 06:15:00,27.5078152804,-87.82248123954
CARTHE_011,2012-08-01 06:30:00,27.51085494577,-87.81970005377
CARTHE_011,2012-08-01 06:45:00,27.51366173089,-87.81678999034
CARTHE_011,2012-08-01 07:00:00,27.51629939063,-87.81377189918
CARTHE_011,2012-08-01 07:15:00,27.51883698248,-87.81066534808
CARTHE_011,2012-08-01 07:30:00,27.52131723872,-87.80748929497
CARTHE_011,2012-08-01 07:45:00,27.52374635876,-87.8042607574
CARTHE_011,2012-08-01 08:00:00,27.52610618401,-87.80098904131
CARTHE_011,2012-08-01 08:15:00,27.52837490939,-87.79766949074
CARTHE_011,2012-08-01 08:30:00,27.530540211,-87.7942842503
CARTHE_011,2012-08-01 08:45:00,27.53259849085,-87.79081312128
CARTHE_011,2012-08-01 09:00:00,27.53454649226,-87.7872477238
CARTHE_011,2012-08-01 09:15:00,27.53637626274,-87.78359841001
CARTHE_011,2012-08-01 09:30:00,27.53807779777,-87.77988992118
CARTHE_011,2012-08-01 09:45:00,27.53964444433,-87.77615034185
CARTHE_011,2012-08-01 10:00:00,27.54107498283,-87.77240040201
CARTHE_011,2012-08-01 10:15:00,27.54237016868,-87.76864802748
CARTHE_011,2012-08-01 10:30:00,27.54352699127,-87.76488988318
CARTHE_011,2012-08-01 10:45:00,27.54453816593,-87.76111709731
CARTHE_011,2012-08-01 11:00:00,27.54540058708,-87.75732025354
CARTHE_011,2012-08-01 11:15:00,27.5461257936,-87.753493077
CARTHE_011,2012-08-01 11:30:00,27.54673944579,-87.74963830137
CARTHE_011,2012-08-01 11:45:00,27.54726474863,-87.74577552806
CARTHE_011,2012-08-01 12:00:00,27.54770052168,-87.74194395291
CARTHE_011,2012-08-01 12:15:00,27.54801224221,-87.73819282783
CARTHE_011,2012-08-01 12:30:00,27.5481458868,-87.73456149161
CARTHE_011,2012-08-01 12:45:00,27.54805722285,-87.73105962529
CARTHE_011,2012-08-01 13:00:00,27.54773740379,-87.72765980417
CARTHE_011,2012-08-01 13:15:00,27.54721811279,-87.7243081661
CARTHE_011,2012-08-01 13:30:00,27.54655269562,-87.72094969166
CARTHE_011,2012-08-01 13:45:00,27.54578491188,-87.71755688297
CARTHE_011,2012-08-01 14:00:00,27.54492538088,-87.71414692689
CARTHE_011,2012-08-01 14:15:00,27.54395077127,-87.71077665588
CARTHE_011,2012-08-01 14:30:00,27.54282418702,-87.70751766006
CARTHE_011,2012-08-01 14:45:00,27.54151918425,-87.70442641498
CARTHE_011,2012-08-01 15:00:00,27.54002892755,-87.70152522427
CARTHE_011,2012-08-01 15:15:00,27.53835571205,-87.69880057768
CARTHE_011,2012-08-01 15:30:00,27.53649091243,-87.69621446756
CARTHE_011,2012-08-01 15:45:00,27.53440281839,-87.69371910732
CARTHE_011,2012-08-01 16:00:00,27.53204602694,-87.69126834009
CARTHE_011,2012-08-01 16:15:00,27.52939059554,-87.68882573609
CARTHE_011,2012-08-01 16:30:00,27.526450986,-87.68637167173
CARTHE_011,2012-08-01 16:45:00,27.52329188899,-87.68390883883
CARTHE_011,2012-08-01 17:00:00,27.52000602308,-87.68146439409
CARTHE_011,2012-08-01 17:15:00,27.51667981132,-87.67908683615
CARTHE_011,2012-08-01 17:30:00,27.51336821588,-87.67683682134
CARTHE_011,2012-08-01 17:45:00,27.51008990639,-87.67477492778
CARTHE_011,2012-08-01 18:00:00,27.50683993447,-87.67295114219
CARTHE_011,2012-08-01 18:15:00,27.50360884357,-87.67139908571
CARTHE_011,2012-08-01 18:30:00,27.50039700166,-87.67013476299
CARTHE_011,2012-08-01 18:45:00,27.49721820886,-87.66915770338
CARTHE_011,2012-08-01 19:00:00,27.49409347642,-87.66845367513
CARTHE_011,2012-08-01 19:15:00,27.49104142152,-87.66799982193
CARTHE_011,2012-08-01 19:30:00,27.48807315975,-87.66777163083
CARTHE_011,2012-08-01 19:45:00,27.48519520093,-87.66774846751
CARTHE_011,2012-08-01 20:00:00,27.48241695347,-87.66791478623
CARTHE_011,2012-08-01 20:15:00,27.47975599323,-87.66825790569
CARTHE_011,2012-08-01 20:30:00,27.47723680525,-87.66876583108
CARTHE_011,2012-08-01 20:45:00,27.47488356847,-87.66942665609
CARTHE_011,2012-08-01 21:00:00,27.47271107922,-87.6702282226
CARTHE_011,2012-08-01 21:15:00,27.47071859245,-87.67115689338
CARTHE_011,2012-08-01 21:30:00,27.46888997785,-87.67219581859
CARTHE_011,2012-08-01 21:45:00,27.4672015255,-87.67332384704
CARTHE_011,2012-08-01 22:00:00,27.4656350469,-87.67451599437
CARTHE_011,2012-08-01 22:15:00,27.46418994979,-87.67574595806
CARTHE_011,2012-08-01 22:30:00,27.46288736995,-87.67699035907
CARTHE_011,2012-08-01 22:45:00,27.46176281976,-87.67823318209
CARTHE_011,2012-08-01 23:00:00,27.46084974439,-87.67946887563
CARTHE_011,2012-08-01 23:15:00,27.46016186622,-87.6807032624
CARTHE_011,2012-08-01 23:30:00,27.45968398217,-87.68195101013
CARTHE_011,2012-08-01 23:45:00,27.45937721733,-87.68322922037
CARTHE_011,2012-08-02 00:00:00,27.45919667351,-87.68454949635
CARTHE_011,2012-08-02 00:15:00,27.45911210372,-87.68591224757
CARTHE_011,2012-08-02 00:30:00,27.45912071834,-87.68730572043
CARTHE_011,2012-08-02 00:45:00,27.45924715517,-87.68870942566
CARTHE_011,2012-08-02 01:00:00,27.45953367727,-87.69009911077
CARTHE_011,2012-08-02 01:15:00,27.46002643805,-87.69145068811
CARTHE_011,2012-08-02 01:30:00,27.46076205867,-87.69274287818
CARTHE_011,2012-08-02 01:45:00,27.46175726352,-87.69395928675
CARTHE_011,2012-08-02 02:00:00,27.46300398635,-87.69509020383
CARTHE_011,2012-08-02 02:15:00,27.46447188745,-87.69613341722
CARTHE_011,2012-08-02 02:30:00,27.46611831927,-87.69709261378
CARTHE_011,2012-08-02 02:45:00,27.46790214148,-87.69797246721
CARTHE_011,2012-08-02 03:00:00,27.46979488697,-87.69877159802
CARTHE_011,2012-08-02 03:15:00,27.47178435892,-87.69947748262
CARTHE_011,2012-08-02 03:30:00,27.47387113502,-87.70006765467
CARTHE_011,2012-08-02 03:45:00,27.47606269652,-87.70051767304
CARTHE_011,2012-08-02 04:00:00,27.47836917302,-87.70081106585
CARTHE_011,2012-08-02 04:15:00,27.48079993245,-87.70094477317
CARTHE_011,2012-08-02 04:30:00,27.48335836587,-87.70092659399
CARTHE_011,2012-08-02 04:45:00,27.48603645279,-87.70076631005
CARTHE_011,2012-08-02 05:00:00,27.48881447334,-87.70046612923
CARTHE_011,2012-08-02 05:15:00,27.49166871994,-87.70001550437
CARTHE_011,2012-08-02 05:30:00,27.49458278319,-87.69939136671
CARTHE_011,2012-08-02 05:45:00,27.49755419914,-87.69856188217
CARTHE_011,2012-08-02 06:00:00,27.50059217369,-87.6974918263
CARTHE_011,2012-08-02 06:15:00,27.50370893972,-87.69614869841
CARTHE_011,2012-08-02 06:30:00,27.50691094185,-87.69450846504
CARTHE_011,2012-08-02 06:45:00,27.51019454421,-87.69255879863
CARTHE_011,2012-08-02 07:00:00,27.51354692391,-87.69029812491
CARTHE_011,2012-08-02 07:15:00,27.51694956692,-87.68773161697
CARTHE_011,2012-08-02 07:30:00,27.52038082071,-87.68486801962
CARTHE_011,2012-08-02 07:45:00,27.52381500094,-87.6817200968
CARTHE_011,2012-08-02 08:00:00,27.52721868655,-87.67830760257
CARTHE_011,2012-08-02 08:15:00,27.53054815774,-87.67465928664
CARTHE_011,2012-08-02 08:30:00,27.53375182416,-87.67081129432
CARTHE_011,2012-08-02 08:45:00,27.53677751007,-87.66680162354
CARTHE_011,2012-08-02 09:00:00,27.53957974501,-87.66266348971
CARTHE_011,2012-08-02 09:15:00,27.54212256359,-87.658422505
CARTHE_011,2012-08-02 09:30:00,27.54437882629,-87.65409952546
CARTHE_011,2012-08-02 09:45:00,27.54633031008,-87.64971515402
CARTHE_011,2012-08-02 10:00:00,27.54797036729,-87.64528999311
CARTHE_011,2012-08-02 10:15:00,27.54930718806,-87.64083967572
CARTHE_011,2012-08-02 10:30:00,27.55036391741,-87.63637039721
CARTHE_011,2012-08-02 10:45:00,27.55117274509,-87.63188109902
CARTHE_011,2012-08-02 11:00:00,27.55176474286,-87.62737169651
CARTHE_011,2012-08-02 11:15:00,27.55216201798,-87.622850721
CARTHE_011,2012-08-02 11:30:00,27.5523772679,-87.61833600201
CARTHE_011,2012-08-02 11:45:00,27.55241888245,-87.61384770558
CARTHE_011,2012-08-02 12:00:00,27.55229445873,-87.60939973031
CARTHE_011,2012-08-02 12:15:00,27.55200811738,-87.6049969515
CARTHE_011,2012-08-02 12:30:00,27.55155435155,-87.60064024865
CARTHE_011,2012-08-02 12:45:00,27.5509148097,-87.59633383374
CARTHE_011,2012-08-02 13:00:00,27.55006223225,-87.59208778266
CARTHE_011,2012-08-02 13:15:00,27.54897093035,-87.58791465351
CARTHE_011,2012-08-02 13:30:00,27.5476287548,-87.58382540942
CARTHE_011,2012-08-02 13:45:00,27.54604365575,-87.57983030124
CARTHE_011,2012-08-02 14:00:00,27.54424102535,-87.57594551188
CARTHE_011,2012-08-02 14:15:00,27.54225438227,-87.57220086926
CARTHE_011,2012-08-02 14:30:00,27.54011603416,-87.56864185206
CARTHE_011,2012-08-02 14:45:00,27.53785290348,-87.56532175009
CARTHE_011,2012-08-02 15:00:00,27.53548736572,-87.56228771175
CARTHE_011,2012-08-02 15:15:00,27.53303998161,-87.55957069804
CARTHE_011,2012-08-02 15:30:00,27.53053251389,-87.55718475672
CARTHE_011,2012-08-02 15:45:00,27.52799028632,-87.55513140815
CARTHE_011,2012-08-02 16:00:00,27.52544202543,-87.5534020967
CARTHE_011,2012-08-02 16:15:00,27.52291728023,-87.55197606764
CARTHE_011,2012-08-02 16:30:00,27.52044429586,-87.55081699423
CARTHE_011,2012-08-02 16:45:00,27.51804953554,-87.54987397664
CARTHE_011,2012-08-02 17:00:00,27.51575653958,-87.54908959028
CARTHE_011,2012-08-02 17:15:00,27.51358234067,-87.54841263744
CARTHE_011,2012-08-02 17:30:00,27.51153327723,-87.54781016032
CARTHE_011,2012-08-02 17:45:00,27.50960384937,-87.54727304737
CARTHE_011,2012-08-02 18:00:00,27.50778019602,-87.54681239157
CARTHE_011,2012-08-02 18:15:00,27.50604631516,-87.54644923256
CARTHE_011,2012-08-02 18:30:00,27.50438959671,-87.54620380235
CARTHE_011,2012-08-02 18:45:00,27.50280330119,-87.546088419
CARTHE_011,2012-08-02 19:00:00,27.50128574248,-87.54610381697
CARTHE_011,2012-08-02 19:15:00,27.49983813121,-87.54623688763
CARTHE_011,2012-08-02 19:30:00,27.49846341421,-87.54645970376
CARTHE_011,2012-08-02 19:45:00,27.49716672527,-87.5467321269
CARTHE_011,2012-08-02 20:00:00,27.49595558246,-87.54700969783
CARTHE_011,2012-08-02 20:15:00,27.49483729474,-87.54725521986
CARTHE_011,2012-08-02 20:30:00,27.49381361429,-87.54744977094
CARTHE_011,2012-08-02 20:45:00,27.49287622079,-87.54759842439
CARTHE_011,2012-08-02 21:00:00,27.49200702681,-87.54772809137
CARTHE_011,2012-08-02 21:15:00,27.49118332777,-87.54787842114
CARTHE_011,2012-08-02 21:30:00,27.49038392299,-87.5480889279
CARTHE_011,2012-08-02 21:45:00,27.48959289739,-87.54838597608
CARTHE_011,2012-08-02 22:00:00,27.48880170408,-87.54877379435
CARTHE_011,2012-08-02 22:15:00,27.48801149894,-87.54923345808
CARTHE_011,2012-08-02 22:30:00,27.48723467588,-87.54973055213
CARTHE_011,2012-08-02 22:45:00,27.48649260835,-87.55022757912
CARTHE_011,2012-08-02 23:00:00,27.48580785892,-87.55069493852
CARTHE_011,2012-08-02 23:15:00,27.48519315015,-87.55111622308
CARTHE_011,2012-08-02 23:30:00,27.48464358043,-87.55148785912
CARTHE_011,2012-08-02 23:45:00,27.48413725047,-87.55181612483
CARTHE_011,2012-08-03 00:00:00,27.48364307656,-87.55211475588
CARTHE_011,2012-08-03 00:15:00,27.48313082164,-87.5524045425
CARTHE_011,2012-08-03 00:30:00,27.48258038419,-87.55271279137
CARTHE_011,2012-08-03 00:45:00,27.48198976247,-87.55306878094
CARTHE_011,2012-08-03 01:00:00,27.48138004462,-87.55349432209
CARTHE_011,2012-08-03 01:15:00,27.4807933603,-87.55399388208
CARTHE_011,2012-08-03 01:30:00,27.48028110845,-87.55455143926
CARTHE_011,2012-08-03 01:45:00,27.47988660355,-87.55513725344
CARTHE_011,2012-08-03 02:00:00,27.47963254422,-87.55571995585
CARTHE_011,2012-08-03 02:15:00,27.47952165483,-87.55627630555
CARTHE_011,2012-08-03 02:30:00,27.47954869051,-87.55679511366
CARTHE_011,2012-08-03 02:45:00,27.47971329236,-87.55727662727
CARTHE_011,2012-08-03 03:00:00,27.48002345329,-87.55772962447
CARTHE_011,2012-08-03 03:15:00,27.48048734272,-87.55816801648
CARTHE_011,2012-08-03 03:30:00,27.48110036833,-87.55860857361
CARTHE_011,2012-08-03 03:45:00,27.4818378115,-87.55906991943
CARTHE_011,2012-08-03 04:00:00,27.48265912142,-87.55957103526
CARTHE_011,2012-08-03 04:15:00,27.48352175463,-87.56012751484
CARTHE_011,2012-08-03 04:30:00,27.48439582344,-87.56074617508
CARTHE_011,2012-08-03 04:45:00,27.4852705366,-87.56142137584
CARTHE_011,2012-08-03 05:00:00,27.48615050744,-87.56213576443
CARTHE_011,2012-08-03 05:15:00,27.48704765371,-87.56286435008
CARTHE_011,2012-08-03 05:30:00,27.48797500449,-87.56357922607
CARTHE_011,2012-08-03 05:45:00,27.48894485253,-87.5642540159
CARTHE_011,2012-08-03 06:00:00,27.48997036696,-87.56486827136
CARTHE_011,2012-08-03 06:15:00,27.49106753977,-87.56541128777
CARTHE_011,2012-08-03 06:30:00,27.49225407087,-87.56588394245
CARTHE_011,2012-08-03 06:45:00,27.4935446268,-87.56629686981
CARTHE_011,2012-08-03 07:00:00,27.49494586546,-87.56666367205
CARTHE_011,2012-08-03 07:15:00,27.49645546537,-87.56699045541
CARTHE_011,2012-08-03 07:30:00,27.49806616087,-87.56726667422
CARTHE_011,2012-08-03 07:45:00,27.49977239088,-87.56746308607
CARTHE_011,2012-08-03 08:00:00,27.50157542297,-87.56753895762
CARTHE_011,2012-08-03 08:15:00,27.5034829176,-87.56745522638
CARTHE_011,2012-08-03 08:30:00,27.50550126238,-87.56718692799
CARTHE_011,2012-08-03 08:45:00,27.50762342865,-87.56672874695
CARTHE_011,2012-08-03 09:00:00,27.50981963826,-87.56609151967
CARTHE_011,2012-08-03 09:15:00,27.5120382758,-87.56529190683
CARTHE_011,2012-08-03 09:30:00,27.51421891479,-87.56433984836
CARTHE_011,2012-08-03 09:45:00,27.51631153989,-87.56322953545
CARTHE_011,2012-08-03 10:00:00,27.51829128111,-87.56193935295
CARTHE_011,2012-08-03 10:15:00,27.52016037241,-87.56044243802
CARTHE_011,2012-08-03 10:30:00,27.52193735219,-87.5587228359
CARTHE_011,2012-08-03 10:45:00,27.52364099031,-87.55678807866
CARTHE_011,2012-08-03 11:00:00,27.52527778078,-87.55467136304
CARTHE_011,2012-08-03 11:15:00,27.52683777366,-87.55242233006
CARTHE_011,2012-08-03 11:30:00,27.52829834493,-87.55009057271
CARTHE_011,2012-08-03 11:45:00,27.52963193035,-87.54770973136
CARTHE_011,2012-08-03 12:00:00,27.53081178278,-87.54529061892
CARTHE_011,2012-08-03 12:15:00,27.53181295013,-87.54282655084
CARTHE_011,2012-08-03 12:30:00,27.53261306514,-87.54030642698
CARTHE_011,2012-08-03 12:45:00,27.53319914913,-87.53772687874
CARTHE_011,2012-08-03 13:00:00,27.53357899719,-87.53509624944
CARTHE_011,2012-08-03 13:15:00,27.5337880718,-87.53242913203
CARTHE_011,2012-08-03 13:30:00,27.53388385578,-87.5297373951
CARTHE_011,2012-08-03 13:45:00,27.53392803626,-87.52702562408
CARTHE_011,2012-08-03 14:00:00,27.53396507313,-87.52429252717
CARTHE_011,2012-08-03 14:15:00,27.5340084737,-87.52153299537
CARTHE_011,2012-08-03 14:30:00,27.53404116816,-87.51873624154
CARTHE_011,2012-08-03 14:45:00,27.53402626871,-87.51588205747
CARTHE_011,2012-08-03 15:00:00,27.53391901668,-87.5129423019
CARTHE_011,2012-08-03 15:15:00,27.5336746199,-87.50989234486
CARTHE_011,2012-08-03 15:30:00,27.53325328184,-87.50672808965
CARTHE_011,2012-08-03 15:45:00,27.53262613845,-87.50347540559
CARTHE_011,2012-08-03 16:00:00,27.53178254518,-87.50018134255
CARTHE_011,2012-08-03 16:15:00,27.53073443503,-87.49689112695
CARTHE_011,2012-08-03 16:30:00,27.52951378535,-87.49362670693
CARTHE_011,2012-08-03 16:45:00,27.52816298974,-87.49038133727
CARTHE_011,2012-08-03 17:00:00,27.52672125288,-87.48713305728
CARTHE_011,2012-08-03 17:15:00,27.52521245549,-87.48386681975
CARTHE_011,2012-08-03 17:30:00,27.5236405244,-87.48058990524
CARTHE_011,2012-08-03 17:45:00,27.52199500615,-87.47733080908
CARTHE_011,2012-08-03 18:00:00,27.5202622774,-87.47412294905
CARTHE_011,2012-08-03 18:15:00,27.51843335184,-87.47098330497
CARTHE_011,2012-08-03 18:30:00,27.51650278186,-87.4678984983
CARTHE_011,2012-08-03 18:45:00,27.51446006442,-87.46482865705
CARTHE_011,2012-08-03 19:00:00,27.51228092354,-87.46173197414
CARTHE_011,2012-08-03 19:15:00,27.50992878762,-87.45859908841
CARTHE_011,2012-08-03 19:30:00,27.50737180076,-87.45547593275
CARTHE_011,2012-08-03 19:45:00,27.50460783654,-87.45245964486
CARTHE_011,2012-08-03 20:00:00,27.50167936562,-87.44966985995
CARTHE_011,2012-08-03 20:15:00,27.49866374656,-87.44720974021
CARTHE_011,2012-08-03 20:30:00,27.49564299744,-87.44513346877
CARTHE_011,2012-08-03 20:45:00,27.49267398075,-87.44343301844
CARTHE_011,2012-08-03 21:00:00,27.48977718726,-87.44204691853
CARTHE_011,2012-08-03 21:15:00,27.48694484629,-87.44088530901
CARTHE_011,2012-08-03 21:30:00,27.48415716003,-87.43986108973
CARTHE_011,2012-08-03 21:45:00,27.48139646442,-87.43891383274
CARTHE_011,2012-08-03 22:00:00,27.47865514567,-87.43801612599
CARTHE_011,2012-08-03 22:15:00,27.4759375261,-87.43716276951
CARTHE_011,2012-08-03 22:30:00,27.47325772613,-87.43635395181
CARTHE_011,2012-08-03 22:45:00,27.47063499668,-87.43558583721
CARTHE_011,2012-08-03 23:00:00,27.46808656145,-87.43485463068
CARTHE_011,2012-08-03 23:15:00,27.4656186682,-87.43416885489
CARTHE_011,2012-08-03 23:30:00,27.46321962389,-87.43355819886
CARTHE_011,2012-08-03 23:45:00,27.46086011208,-87.43307095252
CARTHE_011,2012-08-04 00:00:00,27.45850292482,-87.43276107683
CARTHE_011,2012-08-04 00:15:00,27.4561179847,-87.43267202088
CARTHE_011,2012-08-04 00:30:00,27.45369461639,-87.4328253928
CARTHE_011,2012-08-04 00:45:00,27.45124483211,-87.43322000531
CARTHE_011,2012-08-04 01:00:00,27.44879701597,-87.43384096611
CARTHE_011,2012-08-04 01:15:00,27.44638445076,-87.43467265517
CARTHE_011,2012-08-04 01:30:00,27.4440358705,-87.43570765623
CARTHE_011,2012-08-04 01:45:00,27.44177353264,-87.43694710805
CARTHE_011,2012-08-04 02:00:00,27.43961726309,-87.43839510098
CARTHE_011,2012-08-04 02:15:00,27.43758848231,-87.44005353127
CARTHE_011,2012-08-04 02:30:00,27.43571194506,-87.44191995774
CARTHE_011,2012-08-04 02:45:00,27.43401693608,-87.44398665319
CARTHE_011,2012-08-04 03:00:00,27.43253785102,-87.44623978596
CARTHE_011,2012-08-04 03:15:00,27.43131113397,-87.44866034027
CARTHE_011,2012-08-04 03:30:00,27.43036649614,-87.4512280534
CARTHE_011,2012-08-04 03:45:00,27.42971547467,-87.45392559699
CARTHE_011,2012-08-04 04:00:00,27.42934500157,-87.4567381295
CARTHE_011,2012-08-04 04:15:00,27.42922206548,-87.45964741486
CARTHE_011,2012-08-04 04:30:00,27.42930855234,-87.46262467498
CARTHE_011,2012-08-04 04:45:00,27.42957913444,-87.46562701498
CARTHE_011,2012-08-04 05:00:00,27.43003357915,-87.46860003951
CARTHE_011,2012-08-04 05:15:00,27.43069707508,-87.47148664012
CARTHE_011,2012-08-04 05:30:00,27.43160796947,-87.47423895126
CARTHE_011,2012-08-04 05:45:00,27.43280017652,-87.476827371
CARTHE_011,2012-08-04 06:00:00,27.43429056355,-87.47924107386
CARTHE_011,2012-08-04 06:15:00,27.43607604339,-87.48148039232
CARTHE_011,2012-08-04 06:30:00,27.43813725509,-87.48354717267
CARTHE_011,2012-08-04 06:45:00,27.44044385509,-87.48543904711
CARTHE_011,2012-08-04 07:00:00,27.44295963822,-87.4871491481
CARTHE_011,2012-08-04 07:15:00,27.44564774464,-87.48866944391
CARTHE_011,2012-08-04 07:30:00,27.44847546192,-87.48999509421
CARTHE_011,2012-08-04 07:45:00,27.45141769994,-87.49112746293
CARTHE_011,2012-08-04 08:00:00,27.45445803722,-87.4920741701
CARTHE_011,2012-08-04 08:15:00,27.45758655766,-87.49284500636
CARTHE_011,2012-08-04 08:30:00,27.46079528924,-87.49344469609
CARTHE_011,2012-08-04 08:45:00,27.46407358807,-87.49386763081
CARTHE_011,2012-08-04 09:00:00,27.46740540074,-87.49409991553
CARTHE_011,2012-08-04 09:15:00,27.47076863488,-87.49412869272
CARTHE_011,2012-08-04 09:30:00,27.47413633629,-87.4939529263
CARTHE_011,2012-08-04 09:45:00,27.47748064313,-87.49358812488
CARTHE_011,2012-08-04 10:00:00,27.48078002569,-87.49306181937
CARTHE_011,2012-08-04 10:15:00,27.48402697568,-87.49240339866
CARTHE_011,2012-08-04 10:30:00,27.48722934584,-87.49163335098
CARTHE_011,2012-08-04 10:45:00,27.49040134827,-87.49075505694
CARTHE_011,2012-08-04 11:00:00,27.49354971082,-87.48975075436
CARTHE_011,2012-08-04 11:15:00,27.49666433002,-87.48858117759
CARTHE_011,2012-08-04 11:30:00,27.49971891237,-87.48718957485
CARTHE_011,2012-08-04 11:45:00,27.50268006422,-87.4855137139
CARTHE_011,2012-08-04 12:00:00,27.50551784938,-87.4835069008
CARTHE_011,2012-08-04 12:15:00,27.50821139644,-87.48115958957
CARTHE_011,2012-08-04 12:30:00,27.51074813614,-87.47850700944
CARTHE_011,2012-08-04 12:45:00,27.51311911862,-87.47561645804
CARTHE_011,2012-08-04 13:00:00,27.51531293544,-87.47256426879
CARTHE_011,2012-08-04 13:15:00,27.51730874316,-87.46941426028
CARTHE_011,2012-08-04 13:30:00,27.51907064165,-87.46620053156
CARTHE_011,2012-08-04 13:45:00,27.52054917228,-87.46291705668
CARTHE_011,2012-08-04 14:00:00,27.52169374076,-87.45952199085
CARTHE_011,2012-08-04 14:15:00,27.52247323247,-87.4559608548
CARTHE_011,2012-08-04 14:30:00,27.52289489391,-87.45219912234
CARTHE_011,2012-08-04 14:45:00,27.52300858693,-87.448244924
CARTHE_011,2012-08-04 15:00:00,27.52289070977,-87.44414852157
CARTHE_011,2012-08-04 15:15:00,27.52261587126,-87.43998398837
CARTHE_011,2012-08-04 15:30:00,27.52223243594,-87.43583006155
CARTHE_011,2012-08-04 15:45:00,27.52175350821,-87.43176080397
CARTHE_011,2012-08-04 16:00:00,27.52116428075,-87.42784311625
CARTHE_011,2012-08-04 16:15:00,27.52043893385,-87.42413134788
CARTHE_011,2012-08-04 16:30:00,27.51955773661,-87.4206544503
CARTHE_011,2012-08-04 16:45:00,27.51851609995,-87.41740302139
CARTHE_011,2012-08-04 17:00:00,27.51732206101,-87.41432987778
CARTHE_011,2012-08-04 17:15:00,27.51598554354,-87.41136952947
CARTHE_011,2012-08-04 17:30:00,27.51450643739,-87.40846687214
CARTHE_011,2012-08-04 17:45:00,27.51286764027,-87.40559907223
CARTHE_011,2012-08-04 18:00:00,27.51103679582,-87.40277974453
CARTHE_011,2012-08-04 18:15:00,27.50897797852,-87.40004526964
CARTHE_011,2012-08-04 18:30:00,27.50666996328,-87.39743287206
CARTHE_011,2012-08-04 18:45:00,27.50412119272,-87.39496337363
CARTHE_011,2012-08-04 19:00:00,27.50137115004,-87.39263609703
CARTHE_011,2012-08-04 19:15:00,27.49847807719,-87.39043298374
CARTHE_011,2012-08-04 19:30:00,27.49550291245,-87.38832547129
CARTHE_011,2012-08-04 19:45:00,27.49249882929,-87.3862826806
CARTHE_011,2012-08-04 20:00:00,27.4895088123,-87.38428109024
CARTHE_011,2012-08-04 20:15:00,27.48656802892,-87.38231079805
CARTHE_011,2012-08-04 20:30:00,27.483706705,-87.38037308595
CARTHE_011,2012-08-04 20:45:00,27.48094989881,-87.37847202549
CARTHE_011,2012-08-04 21:00:00,27.47831196966,-87.37660764652
CARTHE_011,2012-08-04 21:15:00,27.47578859573,-87.37477464566
CARTHE_011,2012-08-04 21:30:00,27.47335250682,-87.37296624907
CARTHE_011,2012-08-04 21:45:00,27.47095556948,-87.37118226803
CARTHE_011,2012-08-04 22:00:00,27.46853661338,-87.36943922017
CARTHE_011,2012-08-04 22:15:00,27.46603593669,-87.36777577764
CARTHE_011,2012-08-04 22:30:00,27.4634160277,-87.36624595053
CARTHE_011,2012-08-04 22:45:00,27.46067996857,-87.36490084811
CARTHE_011,2012-08-04 23:00:00,27.45787440134,-87.36377008617
CARTHE_011,2012-08-04 23:15:00,27.45507148522,-87.36285507394
CARTHE_011,2012-08-04 23:30:00,27.45233885861,-87.36213715235
CARTHE_011,2012-08-04 23:45:00,27.44971446347,-87.36159288425
CARTHE_011,2012-08-05 00:00:00,27.44719821805,-87.36120599458
CARTHE_011,2012-08-05 00:15:00,27.44476144148,-87.36097050684
CARTHE_011,2012-08-05 00:30:00,27.44236626151,-87.3608863024
CARTHE_011,2012-08-05 00:45:00,27.43998453741,-87.36095206974
CARTHE_011,2012-08-05 01:00:00,27.43760795557,-87.36116029082
CARTHE_011,2012-08-05 01:15:00,27.43524602436,-87.3614964602
CARTHE_011,2012-08-05 01:30:00,27.43291483898,-87.36194291355
CARTHE_011,2012-08-05 01:45:00,27.43062459911,-87.36248568287
CARTHE_011,2012-08-05 02:00:00,27.42837469617,-87.3631197279
CARTHE_011,2012-08-05 02:15:00,27.42615899478,-87.36384854947
CARTHE_011,2012-08-05 02:30:00,27.42397578469,-87.36467881204
CARTHE_011,2012-08-05 02:45:00,27.42183449641,-87.36561386988
CARTHE_011,2012-08-05 03:00:00,27.41975573794,-87.36664973015
CARTHE_011,2012-08-05 03:15:00,27.41776679511,-87.36777429049
CARTHE_011,2012-08-05 03:30:00,27.41589668443,-87.36896929952
CARTHE_011,2012-08-05 03:45:00,27.41417284194,-87.37021479129
CARTHE_011,2012-08-05 04:00:00,27.41261874559,-87.3714945139
CARTHE_011,2012-08-05 04:15:00,27.41125118561,-87.37279899894
CARTHE_011,2012-08-05 04:30:00,27.41007770165,-87.37412344744
CARTHE_011,2012-08-05 04:45:00,27.4090965162,-87.37546096101
CARTHE_011,2012-08-05 05:00:00,27.40830029704,-87.37679528812
CARTHE_011,2012-08-05 05:15:00,27.40768169399,-87.37809810665
CARTHE_011,2012-08-05 05:30:00,27.40723695999,-87.37933373457
CARTHE_011,2012-08-05 05:45:00,27.40696629736,-87.38046999718
CARTHE_011,2012-08-05 06:00:00,27.40687240018,-87.38148903099
CARTHE_011,2012-08-05 06:15:00,27.40695887945,-87.38239019754
CARTHE_011,2012-08-05 06:30:00,27.40722949581,-87.38318222771
CARTHE_011,2012-08-05 06:45:00,27.40768729029,-87.3838703338
CARTHE_011,2012-08-05 07:00:00,27.40833148234,-87.38444768481
CARTHE_011,2012-08-05 07:15:00,27.40915311882,-87.38489566812
CARTHE_011,2012-08-05 07:30:00,27.41013379311,-87.38518972229
CARTHE_011,2012-08-05 07:45:00,27.41124958125,-87.38530511781
CARTHE_011,2012-08-05 08:00:00,27.41247747471,-87.38522073878
CARTHE_011,2012-08-05 08:15:00,27.41379963362,-87.38492237977
CARTHE_011,2012-08-05 08:30:00,27.4152028049,-87.3844062681
CARTHE_011,2012-08-05 08:45:00,27.41667380162,-87.38368092798
CARTHE_011,2012-08-05 09:00:00,27.4181949037,-87.38276497666
CARTHE_011,2012-08-05 09:15:00,27.41974405964,-87.38168056171
CARTHE_011,2012-08-05 09:30:00,27.42130217207,-87.38044344598
CARTHE_011,2012-08-05 09:45:00,27.42286411455,-87.37905176825
CARTHE_011,2012-08-05 10:00:00,27.42444637657,-87.37747853415
CARTHE_011,2012-08-05 10:15:00,27.426085583,-87.37567290159
CARTHE_011,2012-08-05 10:30:00,27.42782550626,-87.37357134699
CARTHE_011,2012-08-05 10:45:00,27.42969554093,-87.37111705913
CARTHE_011,2012-08-05 11:00:00,27.43169030042,-87.36828371965
CARTHE_011,2012-08-05 11:15:00,27.4337624712,-87.36509352504
CARTHE_011,2012-08-05 11:30:00,27.43583638308,-87.36161636039
CARTHE_011,2012-08-05 11:45:00,27.43783678377,-87.35794940944
CARTHE_011,2012-08-05 12:00:00,27.43971615926,-87.35418839408
CARTHE_011,2012-08-05 12:15:00,27.44146684376,-87.35040089732
CARTHE_011,2012-08-05 12:30:00,27.44311457318,-87.34661014417
CARTHE_011,2012-08-05 12:45:00,27.44469815726,-87.34279567217
CARTHE_011,2012-08-05 13:00:00,27.44624611211,-87.33891190822
CARTHE_011,2012-08-05 13:15:00,27.44776374173,-87.33491875272
CARTHE_011,2012-08-05 13:30:00,27.44923797203,-87.33081123282
CARTHE_011,2012-08-05 13:45:00,27.45065390794,-87.32663284453
CARTHE_011,2012-08-05 14:00:00,27.4520078463,-87.32246435605
CARTHE_011,2012-08-05 14:15:00,27.45330462153,-87.31839227981
CARTHE_011,2012-08-05 14:30:00,27.45453995681,-87.31447104937
CARTHE_011,2012-08-05 14:45:00,27.45568020317,-87.31069472278
CARTHE_011,2012-08-05 15:00:00,27.45665503733,-87.30699166376
CARTHE_011,2012-08-05 15:15:00,27.4573719504,-87.3032509942
CARTHE_011,2012-08-05 15:30:00,27.45774672986,-87.29937446644
CARTHE_011,2012-08-05 15:45:00,27.45773191995,-87.2953264703
CARTHE_011,2012-08-05 16:00:00,27.45732687167,-87.29115095921
CARTHE_011,2012-08-05 16:15:00,27.45656612814,-87.28694485115
CARTHE_011,2012-08-05 16:30:00,27.45549602592,-87.28280692521
CARTHE_011,2012-08-05 16:45:00,27.4541545407,-87.27879569066
CARTHE_011,2012-08-05 17:00:00,27.45256544311,-87.27491609756
CARTHE_011,2012-08-05 17:15:00,27.45074724899,-87.27112972987
CARTHE_011,2012-08-05 17:30:00,27.44872748673,-87.26737219804
CARTHE_011,2012-08-05 17:45:00,27.44654919683,-87.26356839054
CARTHE_011,2012-08-05 18:00:00,27.44426089073,-87.25964727032
CARTHE_011,2012-08-05 18:15:00,27.44189342239,-87.25555939736
CARTHE_011,2012-08-05 18:30:00,27.43943939792,-87.25129265311
CARTHE_011,2012-08-05 18:45:00,27.43685372537,-87.24687460488
CARTHE_011,2012-08-05 19:00:00,27.43408454981,-87.24235254037
CARTHE_011,2012-08-05 19:15:00,27.43112090863,-87.23775724776
CARTHE_011,2012-08-05 19:30:00,27.42802121067,-87.23307400208
CARTHE_011,2012-08-05 19:45:00,27.42489398291,-87.22824552794
CARTHE_011,2012-08-05 20:00:00,27.42183785309,-87.22321054264
CARTHE_011,2012-08-05 20:15:00,27.41887958239,-87.21795307454
CARTHE_011,2012-08-05 20:30:00,27.4159516221,-87.21252847237
CARTHE_011,2012-08-05 20:45:00,27.41292190683,-87.20705189507
CARTHE_011,2012-08-05 21:00:00,27.40965383196,-87.20166343236
CARTHE_011,2012-08-05 21:15:00,27.40606310346,-87.19649215351
CARTHE_011,2012-08-05 21:30:00,27.40214862675,-87.19162971268
CARTHE_011,2012-08-05 21:45:00,27.3979898718,-87.18711422495
CARTHE_011,2012-08-05 22:00:00,27.39371596417,-87.1829258005
CARTHE_011,2012-08-05 22:15:00,27.38946079729,-87.17899764475
CARTHE_011,2012-08-05 22:30:00,27.38532251906,-87.17524255613
CARTHE_011,2012-08-05 22:45:00,27.38134326753,-87.17158573987
CARTHE_011,2012-08-05 23:00:00,27.37751495784,-87.16798868669
CARTHE_011,2012-08-05 23:15:00,27.37380298105,-87.16445269875
CARTHE_011,2012-08-05 23:30:00,27.37017156407,-87.16100350199
CARTHE_011,2012-08-05 23:45:00,27.36659750344,-87.15766960663
CARTHE_011,2012-08-06 00:00:00,27.36306940271,-87.15446797434
CARTHE_011,2012-08-06 00:15:00,27.3595796703,-87.15140222864
CARTHE_011,2012-08-06 00:30:00,27.35611888433,-87.14846925592
CARTHE_011,2012-08-06 00:45:00,27.35267725777,-87.14566603709
CARTHE_011,2012-08-06 01:00:00,27.34925102096,-87.1429917145
CARTHE_011,2012-08-06 01:15:00,27.34584794906,-87.14044542056
CARTHE_011,2012-08-06 01:30:00,27.34248786452,-87.13802264859
CARTHE_011,2012-08-06 01:45:00,27.33919657167,-87.13571379126
CARTHE_011,2012-08-06 02:00:00,27.33599399536,-87.13350900484
CARTHE_011,2012-08-06 02:15:00,27.33288318712,-87.13140871167
CARTHE_011,2012-08-06 02:30:00,27.32985042503,-87.12943064528
CARTHE_011,2012-08-06 02:45:00,27.32687797786,-87.12760486869
CARTHE_011,2012-08-06 03:00:00,27.32395815677,-87.12595998477
CARTHE_011,2012-08-06 03:15:00,27.3210957865,-87.1245119399
CARTHE_011,2012-08-06 03:30:00,27.31829745132,-87.12326224591
CARTHE_011,2012-08-06 03:45:00,27.31555790684,-87.12220339965
CARTHE_011,2012-08-06 04:00:00,27.31285642495,-87.12132621367
CARTHE_011,2012-08-06 04:15:00,27.31016884566,-87.12062460893
CARTHE_011,2012-08-06 04:30:00,27.30749082634,-87.1200942548
CARTHE_011,2012-08-06 04:45:00,27.30485888897,-87.11972510889
CARTHE_011,2012-08-06 05:00:00,27.30235473923,-87.11949295867
CARTHE_011,2012-08-06 05:15:00,27.30008830384,-87.11935495459
CARTHE_011,2012-08-06 05:30:00,27.29816695044,-87.11925058282
CARTHE_011,2012-08-06 05:45:00,27.29666381131,-87.11910843002
CARTHE_011,2012-08-06 06:00:00,27.29559823377,-87.11885876616
CARTHE_011,2012-08-06 06:15:00,27.2949378703,-87.11844809018
CARTHE_011,2012-08-06 06:30:00,27.29462290239,-87.117847639
CARTHE_011,2012-08-06 06:45:00,27.29460031931,-87.11705031263
CARTHE_011,2012-08-06 07:00:00,27.29485045741,-87.11605818316
CARTHE_011,2012-08-06 07:15:00,27.29539333075,-87.11486973832
CARTHE_011,2012-08-06 07:30:00,27.29627196621,-87.11347662272
CARTHE_011,2012-08-06 07:45:00,27.29751874678,-87.11187271071
CARTHE_011,2012-08-06 08:00:00,27.29911950978,-87.11006889927
CARTHE_011,2012-08-06 08:15:00,27.30099568397,-87.10810163077
CARTHE_011,2012-08-06 08:30:00,27.30301945027,-87.10602637279
CARTHE_011,2012-08-06 08:45:00,27.30505792896,-87.10389942137
CARTHE_011,2012-08-06 09:00:00,27.30702127622,-87.10176186114
CARTHE_011,2012-08-06 09:15:00,27.30888569725,-87.09963566071
CARTHE_011,2012-08-06 09:30:00,27.31068054544,-87.09752832644
CARTHE_011,2012-08-06 09:45:00,27.31245276796,-87.09543483116
CARTHE_011,2012-08-06 10:00:00,27.31423268173,-87.0933324544
CARTHE_011,2012-08-06 10:15:00,27.31601819351,-87.09117564118
CARTHE_011,2012-08-06 10:30:00,27.31777969933,-87.08889852867
CARTHE_011,2012-08-06 10:45:00,27.31947699871,-87.08642579851
CARTHE_011,2012-08-06 11:00:00,27.32107573962,-87.0836888586
CARTHE_011,2012-08-06 11:15:00,27.32255391062,-87.08064414963
CARTHE_011,2012-08-06 11:30:00,27.32389801775,-87.07729067862
CARTHE_011,2012-08-06 11:45:00,27.32509709305,-87.07368080879
CARTHE_011,2012-08-06 12:00:00,27.32614261491,-87.06991278704
CARTHE_011,2012-08-06 12:15:00,27.32703450727,-87.06609942459
CARTHE_011,2012-08-06 12:30:00,27.32778616499,-87.06232530465
CARTHE_011,2012-08-06 12:45:00,27.32842144083,-87.05861470057
CARTHE_011,2012-08-06 13:00:00,27.32896359471,-87.05492661231
CARTHE_011,2012-08-06 13:15:00,27.32942373666,-87.05117838588
CARTHE_011,2012-08-06 13:30:00,27.32979669656,-87.04728267397
CARTHE_011,2012-08-06 13:45:00,27.3300665295,-87.04317518095
CARTHE_011,2012-08-06 14:00:00,27.3302179695,-87.03882071832
CARTHE_011,2012-08-06 14:15:00,27.33024693491,-87.0342055859
CARTHE_011,2012-08-06 14:30:00,27.33016383217,-87.02933305601
CARTHE_011,2012-08-06 14:45:00,27.32998824308,-87.02422574528
CARTHE_011,2012-08-06 15:00:00,27.32973885901,-87.01892551052
CARTHE_011,2012-08-06 15:15:00,27.32942407354,-87.01348558489
CARTHE_011,2012-08-06 15:30:00,27.32903818632,-87.00795877685
CARTHE_011,2012-08-06 15:45:00,27.32856560225,-87.00238604265
CARTHE_011,2012-08-06 16:00:00,27.32798982512,-86.99678582851
CARTHE_011,2012-08-06 16:15:00,27.32729939856,-86.99114413155
CARTHE_011,2012-08-06 16:30:00,27.32648387485,-86.98540997588
CARTHE_011,2012-08-06 16:45:00,27.32552086637,-86.97950507514
CARTHE_011,2012-08-06 17:00:00,27.324365153,-86.97335107069
CARTHE_011,2012-08-06 17:15:00,27.32295249477,-86.96690495403
CARTHE_011,2012-08-06 17:30:00,27.32122080325,-86.96018443286
CARTHE_011,2012-08-06 17:45:00,27.31913785082,-86.95326669268
CARTHE_011,2012-08-06 18:00:00,27.31671812382,-86.94625765012
CARTHE_011,2012-08-06 18:15:00,27.31401619683,-86.93924946486
CARTHE_011,2012-08-06 18:30:00,27.31109781845,-86.93229333224
CARTHE_011,2012-08-06 18:45:00,27.30800432222,-86.92540196377
CARTHE_011,2012-08-06 19:00:00,27.30473213656,-86.91857383102
CARTHE_011,2012-08-06 19:15:00,27.30124032719,-86.91181829972
CARTHE_011,2012-08-06 19:30:00,27.29748005679,-86.90516621724
CARTHE_011,2012-08-06 19:45:00,27.2934277558,-86.89866349285
CARTHE_011,2012-08-06 20:00:00,27.28910343887,-86.89235534799
CARTHE_011,2012-08-06 20:15:00,27.28456403553,-86.8862738432
CARTHE_011,2012-08-06 20:30:00,27.27987855933,-86.88043673952
CARTHE_011,2012-08-06 20:45:00,27.27510295182,-86.87485449967
CARTHE_011,2012-08-06 21:00:00,27.2702669846,-86.8695358584
CARTHE_011,2012-08-06 21:15:00,27.26537393934,-86.8644872414
CARTHE_011,2012-08-06 21:30:00,27.26040770625,-86.85970922169
CARTHE_011,2012-08-06 21:45:00,27.25534392122,-86.8551959285
CARTHE_011,2012-08-06 22:00:00,27.25016566254,-86.85094044839
CARTHE_011,2012-08-06 22:15:00,27.24488170502,-86.84694356615
CARTHE_011,2012-08-06 22:30:00,27.23953819922,-86.84321985425
CARTHE_011,2012-08-06 22:45:00,27.23421470525,-86.83979633443
CARTHE_011,2012-08-06 23:00:00,27.22900504744,-86.83670222796
CARTHE_011,2012-08-06 23:15:00,27.22399209868,-86.83395168932
CARTHE_011,2012-08-06 23:30:00,27.21922884744,-86.83152631338
CARTHE_011,2012-08-06 23:45:00,27.21473378533,-86.82936936324
CARTHE_011,2012-08-07 00:00:00,27.21049858075,-86.82740046742
CARTHE_011,2012-08-07 00:15:00,27.20649961512,-86.82554500389
CARTHE_011,2012-08-07 00:30:00,27.20270648277,-86.82375970406
CARTHE_011,2012-08-07 00:45:00,27.19908636573,-86.82203897492
CARTHE_011,2012-08-07 01:00:00,27.19560755114,-86.82040126015
CARTHE_011,2012-08-07 01:15:00,27.19224399215,-86.81886769997
CARTHE_011,2012-08-07 01:30:00,27.18897882138,-86.81744665325
CARTHE_011,2012-08-07 01:45:00,27.18580370491,-86.81612972322
CARTHE_011,2012-08-07 02:00:00,27.18271389985,-86.81489653464
CARTHE_011,2012-08-07 02:15:00,27.17970338818,-86.81372119501
CARTHE_011,2012-08-07 02:30:00,27.1767657155,-86.81257551993
CARTHE_011,2012-08-07 02:45:00,27.17390143247,-86.81143074933
CARTHE_011,2012-08-07 03:00:00,27.17112657286,-86.81026189745
CARTHE_011,2012-08-07 03:15:00,27.16847501139,-86.80905451142
CARTHE_011,2012-08-07 03:30:00,27.1659920231,-86.80780889205
CARTHE_011,2012-08-07 03:45:00,27.16372192089,-86.80653750056
CARTHE_011,2012-08-07 04:00:00,27.16169588124,-86.80525658371
CARTHE_011,2012-08-07 04:15:00,27.15992552516,-86.80397672846
CARTHE_011,2012-08-07 04:30:00,27.15840351361,-86.80269665692
CARTHE_011,2012-08-07 04:45:00,27.15710935747,-86.80140242299
CARTHE_011,2012-08-07 05:00:00,27.15601807316,-86.80007116953
CARTHE_011,2012-08-07 05:15:00,27.15510869064,-86.7986758174
CARTHE_011,2012-08-07 05:30:00,27.15436932152,-86.79718625145
CARTHE_011,2012-08-07 05:45:00,27.15379794073,-86.79556618876
CARTHE_011,2012-08-07 06:00:00,27.15339951693,-86.79377065003
CARTHE_011,2012-08-07 06:15:00,27.1531807231,-86.79174956246
CARTHE_011,2012-08-07 06:30:00,27.15314556836,-86.78945826872
CARTHE_011,2012-08-07 06:45:00,27.15329471506,-86.78687092135
CARTHE_011,2012-08-07 07:00:00,27.15362695908,-86.78399055526
CARTHE_011,2012-08-07 07:15:00,27.15413882144,-86.78085044627
CARTHE_011,2012-08-07 07:30:00,27.15482079712,-86.77750503847
CARTHE_011,2012-08-07 07:45:00,27.15565417241,-86.77401271564
CARTHE_011,2012-08-07 08:00:00,27.15661456818,-86.77041516376
CARTHE_011,2012-08-07 08:15:00,27.15768280409,-86.76672202856
CARTHE_011,2012-08-07 08:30:00,27.15885334913,-86.76291053934
CARTHE_011,2012-08-07 08:45:00,27.16012906548,-86.75894070511
CARTHE_011,2012-08-07 09:00:00,27.1615035527,-86.75477660948
CARTHE_011,2012-08-07 09:15:00,27.16294573038,-86.75040303629
CARTHE_011,2012-08-07 09:30:00,27.16440108454,-86.74583100085
CARTHE_011,2012-08-07 09:45:00,27.16581016768,-86.74109066756
CARTHE_011,2012-08-07 10:00:00,27.16713117955,-86.73621529536
CARTHE_011,2012-08-07 10:15:00,27.16835208291,-86.73122344068
CARTHE_011,2012-08-07 10:30:00,27.16948678811,-86.72610807278
CARTHE_011,2012-08-07 10:45:00,27.1705602035,-86.72083943894
CARTHE_011,2012-08-07 11:00:00,27.1715905917,-86.71538067563
CARTHE_011,2012-08-07 11:15:00,27.17257692964,-86.7097057447
CARTHE_011,2012-08-07 11:30:00,27.17349714027,-86.70380774955
CARTHE_011,2012-08-07 11:45:00,27.17431843598,-86.6976947882
CARTHE_011,2012-08-07 12:00:00,27.17501301837,-86.69138089429
CARTHE_011,2012-08-07 12:15:00,27.17556723792,-86.68488030026
CARTHE_011,2012-08-07 12:30:00,27.17597733282,-86.67820581439
CARTHE_011,2012-08-07 12:45:00,27.17623699036,-86.6713694065
CARTHE_011,2012-08-07 13:00:00,27.1763297505,-86.66438731189
CARTHE_011,2012-08-07 13:15:00,27.17623508252,-86.65728839982
CARTHE_011,2012-08-07 13:30:00,27.17594466277,-86.65011607502
CARTHE_011,2012-08-07 13:45:00,27.17547525784,-86.64291536024
CARTHE_011,2012-08-07 14:00:00,27.17486607281,-86.63571044349
CARTHE_011,2012-08-07 14:15:00,27.17416174344,-86.62849181547
CARTHE_011,2012-08-07 14:30:00,27.17339455104,-86.62122633927
CARTHE_011,2012-08-07 14:45:00,27.1725788269,-86.61388359951
CARTHE_011,2012-08-07 15:00:00,27.17171895859,-86.60646131994
CARTHE_011,2012-08-07 15:15:00,27.17082151294,-86.59899447415
CARTHE_011,2012-08-07 15:30:00,27.16990106528,-86.59154090495
CARTHE_011,2012-08-07 15:45:00,27.16897604637,-86.58415002582
CARTHE_011,2012-08-07 16:00:00,27.16805901656,-86.57683212696
CARTHE_011,2012-08-07 16:15:00,27.16715127435,-86.56954805557
CARTHE_011,2012-08-07 16:30:00,27.1662489081,-86.56222916485
CARTHE_011,2012-08-07 16:45:00,27.16535740228,-86.5548164517
CARTHE_011,2012-08-07 17:00:00,27.1645042926,-86.54729582854
CARTHE_011,2012-08-07 17:15:00,27.16373918793,-86.53971187828
CARTHE_011,2012-08-07 17:30:00,27.16311609635,-86.53215641582
CARTHE_011,2012-08-07 17:45:00,27.1626619112,-86.52474075659
CARTHE_011,2012-08-07 18:00:00,27.16234496336,-86.51756453599
CARTHE_011,2012-08-07 18:15:00,27.16206326278,-86.51069015251
CARTHE_011,2012-08-07 18:30:00,27.16166798561,-86.5041261106
CARTHE_011,2012-08-07 18:45:00,27.16102230467,-86.49782079447
CARTHE_011,2012-08-07 19:00:00,27.16007188698,-86.49167086496
CARTHE_011,2012-08-07 19:15:00,27.15888569725,-86.48554990861
CARTHE_011,2012-08-07 19:30:00,27.15763423601,-86.47935507076
CARTHE_011,2012-08-07 19:45:00,27.1565130109,-86.47305286083
CARTHE_011,2012-08-07 20:00:00,27.15566062067,-86.46669693279
CARTHE_011,2012-08-07 20:15:00,27.15511866937,-86.46040603088
CARTHE_011,2012-08-07 20:30:00,27.15484425696,-86.45431527335
CARTHE_011,2012-08-07 20:45:00,27.15475264298,-86.44852797839
CARTHE_011,2012-08-07 21:00:00,27.15475850052,-86.44308946962
CARTHE_011,2012-08-07 21:15:00,27.1547974111,-86.43798598432
CARTHE_011,2012-08-07 21:30:00,27.15482800924,-86.43316013084
CARTHE_011,2012-08-07 21:45:00,27.15482460979,-86.42853327315
CARTHE_011,2012-08-07 22:00:00,27.15476940051,-86.4240286837
CARTHE_011,2012-08-07 22:15:00,27.15464872903,-86.41959171788
CARTHE_011,2012-08-07 22:30:00,27.15445529231,-86.41520263434
CARTHE_011,2012-08-07 22:45:00,27.15419853098,-86.4108765699
CARTHE_011,2012-08-07 23:00:00,27.15391930701,-86.40664957248
CARTHE_011,2012-08-07 23:15:00,27.15369294349,-86.40255627095
CARTHE_011,2012-08-07 23:30:00,27.15360585296,-86.39860757819
CARTHE_011,2012-08-07 23:45:00,27.15371222452,-86.39477635541
CARTHE_011,2012-08-08 00:00:00,27.15400000018,-86.39099773329
CARTHE_011,2012-08-08 00:15:00,27.15439465482,-86.38718705795
CARTHE_011,2012-08-08 00:30:00,27.15480215786,-86.38326929151
CARTHE_011,2012-08-08 00:45:00,27.15516294383,-86.37920593798
CARTHE_011,2012-08-08 01:00:00,27.15548151313,-86.37500703874
CARTHE_011,2012-08-08 01:15:00,27.15581447324,-86.37072414581
CARTHE_011,2012-08-08 01:30:00,27.15622784399,-86.36642967548
CARTHE_011,2012-08-08 01:45:00,27.15675388151,-86.36219329776
CARTHE_011,2012-08-08 02:00:00,27.15737646227,-86.35806580463
CARTHE_011,2012-08-08 02:15:00,27.15805378195,-86.35407608965
CARTHE_011,2012-08-08 02:30:00,27.15876207361,-86.35023944872
CARTHE_011,2012-08-08 02:45:00,27.15953063951,-86.34657010624
CARTHE_011,2012-08-08 03:00:00,27.16044514359,-86.3430880822
CARTHE_011,2012-08-08 03:15:00,27.16161667972,-86.33981199828
CARTHE_011,2012-08-08 03:30:00,27.16313534872,-86.33674219019
CARTHE_011,2012-08-08 03:45:00,27.16503452409,-86.33384749702
CARTHE_011,2012-08-08 04:00:00,27.16728089025,-86.33106212493
CARTHE_011,2012-08-08 04:15:00,27.16978833747,-86.3282930118
CARTHE_011,2012-08-08 04:30:00,27.17244609784,-86.32543965116
CARTHE_011,2012-08-08 04:45:00,27.17515125682,-86.32242483151
CARTHE_011,2012-08-08 05:00:00,27.17783519985,-86.31922272254
CARTHE_011,2012-08-08 05:15:00,27.18047429168,-86.31586600412
CARTHE_011,2012-08-08 05:30:00,27.18308049922,-86.3124263716
CARTHE_011,2012-08-08 05:45:00,27.18567807795,-86.30898047657
CARTHE_011,2012-08-08 06:00:00,27.18828161601,-86.30558336979
CARTHE_011,2012-08-08 06:15:00,27.19088870925,-86.30226451269
CARTHE_011,2012-08-08 06:30:00,27.19348825702,-86.29904068236
CARTHE_011,2012-08-08 06:45:00,27.19607472364,-86.29592730395
CARTHE_011,2012-08-08 07:00:00,27.19865776471,-86.29293773495
CARTHE_011,2012-08-08 07:15:00,27.20126270666,-86.29007452067
CARTHE_011,2012-08-08 07:30:00,27.20392324559,-86.28732278416
CARTHE_011,2012-08-08 07:45:00,27.20666976369,-86.28465338561
CARTHE_011,2012-08-08 08:00:00,27.20951772057,-86.28203556523
CARTHE_011,2012-08-08 08:15:00,27.21246098941,-86.27945103655
CARTHE_011,2012-08-08 08:30:00,27.21547342582,-86.27690007921
CARTHE_011,2012-08-08 08:45:00,27.21851908384,-86.27439563348
CARTHE_011,2012-08-08 09:00:00,27.22156765211,-86.27194975633
CARTHE_011,2012-08-08 09:15:00,27.2246075852,-86.2695631162
CARTHE_011,2012-08-08 09:30:00,27.22764975561,-86.26722650432
CARTHE_011,2012-08-08 09:45:00,27.23072034566,-86.26493307049
CARTHE_011,2012-08-08 10:00:00,27.23384807955,-86.2626905799
CARTHE_011,2012-08-08 10:15:00,27.23705296183,-86.26052230509
CARTHE_011,2012-08-08 10:30:00,27.24033986348,-86.25845380728
CARTHE_011,2012-08-08 10:45:00,27.24369616486,-86.25649365645
CARTHE_011,2012-08-08 11:00:00,27.24709315244,-86.25462007963
CARTHE_011,2012-08-08 11:15:00,27.25049307945,-86.25278121342
CARTHE_011,2012-08-08 11:30:00,27.25386212335,-86.25090985358
CARTHE_011,2012-08-08 11:45:00,27.25718400549,-86.24894642616
CARTHE_011,2012-08-08 12:00:00,27.26046585159,-86.24685875592
CARTHE_011,2012-08-08 12:15:00,27.26373048649,-86.24464865127
CARTHE_011,2012-08-08 12:30:00,27.26699827645,-86.24234129472
CARTHE_011,2012-08-08 12:45:00,27.27027023563,-86.239961435
CARTHE_011,2012-08-08 13:00:00,27.27352377187,-86.23750901673
CARTHE_011,2012-08-08 13:15:00,27.27672298391,-86.2349518922
CARTHE_011,2012-08-08 13:30:00,27.27983547939,-86.23224605892
CARTHE_011,2012-08-08 13:45:00,27.28284531775,-86.22937370044
CARTHE_011,2012-08-08 14:00:00,27.28575585815,-86.22637306369
CARTHE_011,2012-08-08 14:15:00,27.28858384515,-86.22333845382
CARTHE_011,2012-08-08 14:30:00,27.29135040383,-86.22038946749
CARTHE_011,2012-08-08 14:45:00,27.29407244078,-86.21762860553
CARTHE_011,2012-08-08 15:00:00,27.29675672295,-86.21511137352
CARTHE_011,2012-08-08 15:15:00,27.2993999307,-86.21284200448
CARTHE_011,2012-08-08 15:30:00,27.30199592865,-86.21079078943
CARTHE_011,2012-08-08 15:45:00,27.3045465632,-86.20891981883
CARTHE_011,2012-08-08 16:00:00,27.30706829274,-86.20720531345
CARTHE_011,2012-08-08 16:15:00,27.30958933329,-86.20564739055
CARTHE_011,2012-08-08 16:30:00,27.31213982232,-86.20426187384
CARTHE_011,2012-08-08 16:45:00,27.3147422244,-86.2030592799
CARTHE_011,2012-08-08 17:00:00,27.3174068028,-86.20202823693
CARTHE_011,2012-08-08 17:15:00,27.3201316255,-86.20113808519
CARTHE_011,2012-08-08 17:30:00,27.32290493632,-86.20035743077
CARTHE_011,2012-08-08 17:45:00,27.32570962647,-86.19967109889
CARTHE_011,2012-08-08 18:00:00,27.32852990536,-86.19908062932
CARTHE_011,2012-08-08 18:15:00,27.33135705515,-86.19859017236
CARTHE_011,2012-08-08 18:30:00,27.33418956714,-86.1981938351
CARTHE_011,2012-08-08 18:45:00,27.33702767478,-86.19787685773
CARTHE_011,2012-08-08 19:00:00,27.33986818658,-86.19762720991
CARTHE_011,2012-08-08 19:15:00,27.3427053323,-86.19744444134
CARTHE_011,2012-08-08 19:30:00,27.34553714797,-86.1973382638
CARTHE_011,2012-08-08 19:45:00,27.34837131378,-86.19732184014
CARTHE_011,2012-08-08 20:00:00,27.35122518616,-86.19740751005
CARTHE_011,2012-08-08 20:15:00,27.35412028968,-86.19760481206
CARTHE_011,2012-08-08 20:30:00,27.35707592017,-86.19791732255
CARTHE_011,2012-08-08 20:45:00,27.36010613383,-86.19834012727
CARTHE_011,2012-08-08 21:00:00,27.36322108463,-86.19886182101
CARTHE_011,2012-08-08 21:15:00,27.3664301995,-86.19946952538
CARTHE_011,2012-08-08 21:30:00,27.36974172724,-86.20015103592
CARTHE_011,2012-08-08 21:45:00,27.37315505828,-86.20089191406
CARTHE_011,2012-08-08 22:00:00,27.37665014084,-86.20167252261
CARTHE_011,2012-08-08 22:15:00,27.38018405282,-86.20247105333
CARTHE_011,2012-08-08 22:30:00,27.383700812,-86.20327300567
CARTHE_011,2012-08-08 22:45:00,27.38714960396,-86.2040817681
CARTHE_011,2012-08-08 23:00:00,27.3905001585,-86.20492243826
CARTHE_011,2012-08-08 23:15:00,27.39374913285,-86.2058341224
CARTHE_011,2012-08-08 23:30:00,27.39692092195,-86.2068534308
CARTHE_011,2012-08-08 23:45:00,27.40006727135,-86.20799692586
CARTHE_011,2012-08-09 00:00:00,27.4032624806,-86.20924980413
CARTHE_011,2012-08-09 00:15:00,27.40658772251,-86.21056552618
CARTHE_011,2012-08-09 00:30:00,27.41010552318,-86.21187702239
CARTHE_011,2012-08-09 00:45:00,27.41383611819,-86.21311501547
CARTHE_011,2012-08-09 01:00:00,27.4177486886,-86.21422647046
CARTHE_011,2012-08-09 01:15:00,27.42177020267,-86.21518702334
CARTHE_011,2012-08-09 01:30:00,27.4258040954,-86.21600417444
CARTHE_011,2012-08-09 01:45:00,27.42975020332,-86.21671146386
CARTHE_011,2012-08-09 02:00:00,27.43352287843,-86.21735630565
CARTHE_011,2012-08-09 02:15:00,27.43706611452,-86.21798634968
CARTHE_011,2012-08-09 02:30:00,27.44036246721,-86.21864088604
CARTHE_011,2012-08-09 02:45:00,27.44343193342,-86.219351618
CARTHE_011,2012-08-09 03:00:00,27.44631984921,-86.22015147543
CARTHE_011,2012-08-09 03:15:00,27.44907814694,-86.22108513494
CARTHE_011,2012-08-09 03:30:00,27.45174860412,-86.22221299811
CARTHE_011,2012-08-09 03:45:00,27.45435644328,-86.22360200251
CARTHE_011,2012-08-09 04:00:00,27.45691589854,-86.22530263211
CARTHE_011,2012-08-09 04:15:00,27.4594405375,-86.22732163008
CARTHE_011,2012-08-09 04:30:00,27.46194898932,-86.22960769055
CARTHE_011,2012-08-09 04:45:00,27.46446362681,-86.23206334001
CARTHE_011,2012-08-09 05:00:00,27.46700718163,-86.23458040319
CARTHE_011,2012-08-09 05:15:00,27.46960139258,-86.23708108966
CARTHE_011,2012-08-09 05:30:00,27.47226694282,-86.23954245044
CARTHE_011,2012-08-09 05:45:00,27.47502185029,-86.24199216992
CARTHE_011,2012-08-09 06:00:00,27.47787626459,-86.24448187358
CARTHE_011,2012-08-09 06:15:00,27.48082565899,-86.24705624974
CARTHE_011,2012-08-09 06:30:00,27.48384890387,-86.24973483794
CARTHE_011,2012-08-09 06:45:00,27.48691534186,-86.25251252538
CARTHE_011,2012-08-09 07:00:00,27.4899974658,-86.25537261535
CARTHE_011,2012-08-09 07:15:00,27.49308179858,-86.25830095795
CARTHE_011,2012-08-09 07:30:00,27.49617294217,-86.26129296363
CARTHE_011,2012-08-09 07:45:00,27.49929083199,-86.26435086647
CARTHE_011,2012-08-09 08:00:00,27.50246388305,-86.26747397816
CARTHE_011,2012-08-09 08:15:00,27.50571971489,-86.2706492724
CARTHE_011,2012-08-09 08:30:00,27.50907477999,-86.27384749037
CARTHE_011,2012-08-09 08:45:00,27.51252692883,-86.2770246298
CARTHE_011,2012-08-09 09:00:00,27.51605533664,-86.28012812166
CARTHE_011,2012-08-09 09:15:00,27.51962865766,-86.28310718969
CARTHE_011,2012-08-09 09:30:00,27.52321724824,-86.28592406028
CARTHE_011,2012-08-09 09:45:00,27.52680168547,-86.28856036929
CARTHE_011,2012-08-09 10:00:00,27.53037083705,-86.29101578558
CARTHE_011,2012-08-09 10:15:00,27.5339123797,-86.29330257411
CARTHE_011,2012-08-09 10:30:00,27.53740706884,-86.29544217073
CARTHE_011,2012-08-09 10:45:00,27.54083234142,-86.29746497975
CARTHE_011,2012-08-09 11:00:00,27.54416947137,-86.29940859877
CARTHE_011,2012-08-09 11:15:00,27.54740567805,-86.30131032139
CARTHE_011,2012-08-09 11:30:00,27.55053008685,-86.30319670326
CARTHE_011,2012-08-09 11:45:00,27.55353079878,-86.30507792022
CARTHE_011,2012-08-09 12:00:00,27.55639822065,-86.3069514453
CARTHE_011,2012-08-09 12:15:00,27.55912894413,-86.30881209993
CARTHE_011,2012-08-09 12:30:00,27.56172252442,-86.31066239809
CARTHE_011,2012-08-09 12:45:00,27.56417496396,-86.31251950528
CARTHE_011,2012-08-09 13:00:00,27.56647935176,-86.31441674912
CARTHE_011,2012-08-09 13:15:00,27.56863672209,-86.31639821057
CARTHE_011,2012-08-09 13:30:00,27.57066904845,-86.31850778869
CARTHE_011,2012-08-09 13:45:00,27.57262272004,-86.32077647773
CARTHE_011,2012-08-09 14:00:00,27.57455644259,-86.32321189802
CARTHE_011,2012-08-09 14:15:00,27.57651752283,-86.32579540724
CARTHE_011,2012-08-09 14:30:00,27.5785183264,-86.32849170396
CARTHE_011,2012-08-09 14:45:00,27.58052575583,-86.33126797064
CARTHE_011,2012-08-09 15:00:00,27.58247073964,-86.33411079792
CARTHE_011,2012-08-09 15:15:00,27.58427512653,-86.3370309029
CARTHE_011,2012-08-09 15:30:00,27.58588507639,-86.34005423373
CARTHE_011,2012-08-09 15:45:00,27.5872964073,-86.34320358924
CARTHE_011,2012-08-09 16:00:00,27.58855956115,-86.34647826242
CARTHE_011,2012-08-09 16:15:00,27.58976140573,-86.34984241989
CARTHE_011,2012-08-09 16:30:00,27.59099395603,-86.35323172282
CARTHE_011,2012-08-09 16:45:00,27.59232669963,-86.35657845557
CARTHE_011,2012-08-09 17:00:00,27.59379384119,-86.35984360834
CARTHE_011,2012-08-09 17:15:00,27.5953967926,-86.36303923474
CARTHE_011,2012-08-09 17:30:00,27.5971147291,-86.36622866135
CARTHE_011,2012-08-09 17:45:00,27.59891584547,-86.36950330521
CARTHE_011,2012-08-09 18:00:00,27.60076653315,-86.37294619875
CARTHE_011,2012-08-09 18:15:00,27.60263805613,-86.37659897179
CARTHE_011,2012-08-09 18:30:00,27.60451088785,-86.38044828598
CARTHE_011,2012-08-09 18:45:00,27.60637637653,-86.38443691653
CARTHE_011,2012-08-09 19:00:00,27.60823384158,-86.38848970864
CARTHE_011,2012-08-09 19:15:00,27.61008395489,-86.39253963001
CARTHE_011,2012-08-09 19:30:00,27.61192418728,-86.396545664
CARTHE_011,2012-08-09 19:45:00,27.61375160756,-86.40050023129
CARTHE_011,2012-08-09 20:00:00,27.61557156921,-86.40442610989
CARTHE_011,2012-08-09 20:15:00,27.61740411036,-86.40836440115
CARTHE_011,2012-08-09 20:30:00,27.61928154008,-86.41235568653
CARTHE_011,2012-08-09 20:45:00,27.62123838159,-86.41641942012
CARTHE_011,2012-08-09 21:00:00,27.62329887808,-86.42054139658
CARTHE_011,2012-08-09 21:15:00,27.62546705083,-86.42467649166
CARTHE_011,2012-08-09 21:30:00,27.62772388264,-86.42876328991
CARTHE_011,2012-08-09 21:45:00,27.63003362764,-86.43273920643
CARTHE_011,2012-08-09 22:00:00,27.63235566579,-86.43654906423
CARTHE_011,2012-08-09 22:15:00,27.634655439,-86.44014993817
CARTHE_011,2012-08-09 22:30:00,27.63691057187,-86.44351772007
CARTHE_011,2012-08-09 22:45:00,27.63911175881,-86.44665654078
CARTHE_011,2012-08-09 23:00:00,27.64125894172,-86.44960672719
CARTHE_011,2012-08-09 23:15:00,27.64335364639,-86.45244456155
CARTHE_011,2012-08-09 23:30:00,27.64539055095,-86.45526950665
CARTHE_011,2012-08-09 23:45:00,27.64735283898,-86.45818129545
CARTHE_011,2012-08-10 00:00:00,27.64921339849,-86.46125410247
CARTHE_011,2012-08-10 00:15:00,27.6509405782,-86.46451621716
CARTHE_011,2012-08-10 00:30:00,27.65250610059,-86.4679449473
CARTHE_011,2012-08-10 00:45:00,27.65389331869,-86.47148315063
CARTHE_011,2012-08-10 01:00:00,27.65510414872,-86.47507131535
CARTHE_011,2012-08-10 01:15:00,27.65616098422,-86.47867741585
CARTHE_011,2012-08-10 01:30:00,27.65710046854,-86.48230792287
CARTHE_011,2012-08-10 01:45:00,27.65796148987,-86.48599485403
CARTHE_011,2012-08-10 02:00:00,27.65877465384,-86.48976712801
CARTHE_011,2012-08-10 02:15:00,27.65955988936,-86.49362412007
CARTHE_011,2012-08-10 02:30:00,27.66033180487,-86.49752851196
CARTHE_011,2012-08-10 02:45:00,27.66110515878,-86.5014209807
CARTHE_011,2012-08-10 03:00:00,27.66189369402,-86.50524372067
CARTHE_011,2012-08-10 03:15:00,27.66270364971,-86.50895752366
CARTHE_011,2012-08-10 03:30:00,27.66352842903,-86.51254547283
CARTHE_011,2012-08-10 03:45:00,27.66434823226,-86.51600530967
CARTHE_011,2012-08-10 04:00:00,27.66513435244,-86.51933933793
CARTHE_011,2012-08-10 04:15:00,27.66585717461,-86.52255042587
CARTHE_011,2012-08-10 04:30:00,27.66649507621,-86.52564350387
CARTHE_011,2012-08-10 04:45:00,27.66703865056,-86.52862668071
CARTHE_011,2012-08-10 05:00:00,27.66748704811,-86.53151167195
CARTHE_011,2012-08-10 05:15:00,27.66784052624,-86.53431785884
CARTHE_011,2012-08-10 05:30:00,27.66809799223,-86.53707981126
CARTHE_011,2012-08-10 05:45:00,27.66826461264,-86.53985166103
CARTHE_011,2012-08-10 06:00:00,27.66836495222,-86.54270002085
CARTHE_011,2012-08-10 06:15:00,27.66844981495,-86.54568342682
CARTHE_011,2012-08-10 06:30:00,27.66858723573,-86.548827811
CARTHE_011,2012-08-10 06:45:00,27.66883824443,-86.55211416473
CARTHE_011,2012-08-10 07:00:00,27.66922825232,-86.55548938363
CARTHE_011,2012-08-10 07:15:00,27.66972996429,-86.55889592722
CARTHE_011,2012-08-10 07:30:00,27.67027021112,-86.56230239002
CARTHE_011,2012-08-10 07:45:00,27.67075966917,-86.5657169976
CARTHE_011,2012-08-10 08:00:00,27.67113054908,-86.56917939703
CARTHE_011,2012-08-10 08:15:00,27.67136341577,-86.57274164299
CARTHE_011,2012-08-10 08:30:00,27.67149180781,-86.57645267664
CARTHE_011,2012-08-10 08:45:00,27.67158609369,-86.58035157969
CARTHE_011,2012-08-10 09:00:00,27.67172652288,-86.58446580421
CARTHE_011,2012-08-10 09:15:00,27.67197555536,-86.588808075
CARTHE_011,2012-08-10 09:30:00,27.67235783028,-86.59336855913
CARTHE_011,2012-08-10 09:45:00,27.67285533196,-86.5981059192
CARTHE_011,2012-08-10 10:00:00,27.6734207472,-86.60294783009
CARTHE_011,2012-08-10 10:15:00,27.67400278585,-86.60780706839
CARTHE_011,2012-08-10 10:30:00,27.67456992642,-86.61260643707
CARTHE_011,2012-08-10 10:45:00,27.67512055252,-86.61729959957
CARTHE_011,2012-08-10 11:00:00,27.67567628286,-86.62187824279
CARTHE_011,2012-08-10 11:15:00,27.67626492413,-86.62636345441
CARTHE_011,2012-08-10 11:30:00,27.67690432283,-86.63078698391
CARTHE_011,2012-08-10 11:45:00,27.67759478467,-86.63517273164
CARTHE_011,2012-08-10 12:00:00,27.67831972444,-86.63952753281
CARTHE_011,2012-08-10 12:15:00,27.67905020343,-86.64384374463
CARTHE_011,2012-08-10 12:30:00,27.67975079536,-86.64810833004
CARTHE_011,2012-08-10 12:45:00,27.68038769159,-86.652310981
CARTHE_011,2012-08-10 13:00:00,27.68093908264,-86.65644899032
CARTHE_011,2012-08-10 13:15:00,27.68140351024,-86.66052917701
CARTHE_011,2012-08-10 13:30:00,27.68180130099,-86.66456589575
CARTHE_011,2012-08-10 13:45:00,27.68216801289,-86.66857587073
CARTHE_011,2012-08-10 14:00:00,27.68254316182,-86.67257237174
CARTHE_011,2012-08-10 14:15:00,27.68296043468,-86.67655999307
CARTHE_011,2012-08-10 14:30:00,27.68344423031,-86.68053084804
CARTHE_011,2012-08-10 14:45:00,27.68401088729,-86.68446467115
CARTHE_011,2012-08-10 15:00:00,27.68466920958,-86.6883343359
CARTHE_011,2012-08-10 15:15:00,27.68541853895,-86.6921141761
CARTHE_011,2012-08-10 15:30:00,27.68624767354,-86.69578707817
CARTHE_011,2012-08-10 15:45:00,27.68713841563,-86.69934869944
CARTHE_011,2012-08-10 16:00:00,27.68807375715,-86.70280842858
CARTHE_011,2012-08-10 16:15:00,27.68904640984,-86.70618584007
CARTHE_011,2012-08-10 16:30:00,27.6900626943,-86.70950319007
CARTHE_011,2012-08-10 16:45:00,27.69113888646,-86.71277677687
CARTHE_011,2012-08-10 17:00:00,27.69229006813,-86.71600982756
CARTHE_011,2012-08-10 17:15:00,27.69351671063,-86.71918926118
CARTHE_011,2012-08-10 17:30:00,27.69479831282,-86.72228836563
CARTHE_011,2012-08-10 17:45:00,27.69609984091,-86.72527562611
CARTHE_011,2012-08-10 18:00:00,27.69738727608,-86.72812791988
CARTHE_011,2012-08-10 18:15:00,27.69864157351,-86.73084270399
CARTHE_011,2012-08-10 18:30:00,27.69986125241,-86.73344007742
CARTHE_011,2012-08-10 18:45:00,27.70105225855,-86.73595216922
CARTHE_011,2012-08-10 19:00:00,27.7022133759,-86.73840865445
CARTHE_011,2012-08-10 19:15:00,27.70332859223,-86.74082753807
CARTHE_011,2012-08-10 19:30:00,27.70437309716,-86.74321035266
CARTHE_011,2012-08-10 19:45:00,27.70532970245,-86.7455377757
CARTHE_011,2012-08-10 20:00:00,27.70620330779,-86.74776905033
CARTHE_011,2012-08-10 20:15:00,27.70702089624,-86.7498547687
CARTHE_011,2012-08-10 20:30:00,27.70781643851,-86.75176399715
CARTHE_011,2012-08-10 20:45:00,27.70861187657,-86.75350915939
CARTHE_011,2012-08-10 21:00:00,27.70940522013,-86.7551478604
CARTHE_011,2012-08-10 21:15:00,27.71016827108,-86.75675839684
CARTHE_011,2012-08-10 21:30:00,27.71085136225,-86.75840751806
CARTHE_011,2012-08-10 21:45:00,27.71139428936,-86.76013439228
CARTHE_011,2012-08-10 22:00:00,27.71174323745,-86.76195735998
CARTHE_011,2012-08-10 22:15:00,27.71186975544,-86.76388873139
CARTHE_011,2012-08-10 22:30:00,27.71178398262,-86.76594285356
CARTHE_011,2012-08-10 22:45:00,27.71153456529,-86.76813634801
CARTHE_011,2012-08-10 23:00:00,27.71119233083,-86.77048363261
CARTHE_011,2012-08-10 23:15:00,27.71082293678,-86.77298972793
CARTHE_011,2012-08-10 23:30:00,27.7104622382,-86.7756448178
CARTHE_011,2012-08-10 23:45:00,27.71010809407,-86.77842493359
CARTHE_011,2012-08-11 00:00:00,27.70973251925,-86.78129894913
CARTHE_011,2012-08-11 00:15:00,27.70930608544,-86.78423927336
CARTHE_011,2012-08-11 00:30:00,27.70881949848,-86.78723364575
CARTHE_011,2012-08-11 00:45:00,27.70829010412,-86.7902927366
CARTHE_011,2012-08-11 01:00:00,27.70775237071,-86.79344698555
CARTHE_011,2012-08-11 01:15:00,27.70724208851,-86.79673417666
CARTHE_011,2012-08-11 01:30:00,27.70678543999,-86.80018546569
CARTHE_011,2012-08-11 01:45:00,27.70639693031,-86.8038138339
CARTHE_011,2012-08-11 02:00:00,27.70608332241,-86.807605594
CARTHE_011,2012-08-11 02:15:00,27.70584894828,-86.81151878946
CARTHE_011,2012-08-11 02:30:00,27.70569892492,-86.8154930005
CARTHE_011,2012-08-11 02:45:00,27.70563931615,-86.81946746536
CARTHE_011,2012-08-11 03:00:00,27.70567483718,-86.82339732573
CARTHE_011,2012-08-11 03:15:00,27.70580514177,-86.82725973509
CARTHE_011,2012-08-11 03:30:00,27.70602185422,-86.83105102543
CARTHE_011,2012-08-11 03:45:00,27.70630879823,-86.83478275739
CARTHE_011,2012-08-11 04:00:00,27.70664565224,-86.83847968364
CARTHE_011,2012-08-11 04:15:00,27.70701244242,-86.84217513471
CARTHE_011,2012-08-11 04:30:00,27.70739219366,-86.84590092426
CARTHE_011,2012-08-11 04:45:00,27.70777143651,-86.84967585626
CARTHE_011,2012-08-11 05:00:00,27.70814035077,-86.85349938553
CARTHE_011,2012-08-11 05:15:00,27.7084937683,-86.85735195503
CARTHE_011,2012-08-11 05:30:00,27.70883162004,-86.86119909562
CARTHE_011,2012-08-11 05:45:00,27.70915717097,-86.86499720636
CARTHE_011,2012-08-11 06:00:00,27.70947353596,-86.86870114576
CARTHE_011,2012-08-11 06:15:00,27.70978047694,-86.87227525807
CARTHE_011,2012-08-11 06:30:00,27.71007426042,-86.87570543492
CARTHE_011,2012-08-11 06:45:00,27.71035225839,-86.87900338413
CARTHE_011,2012-08-11 07:00:00,27.71061956967,-86.88219720697
CARTHE_011,2012-08-11 07:15:00,27.71089127249,-86.88531313673
CARTHE_011,2012-08-11 07:30:00,27.71118490807,-86.88836042067
CARTHE_011,2012-08-11 07:45:00,27.71150482711,-86.89132937273
CARTHE_011,2012-08-11 08:00:00,27.71182909743,-86.89420389791
CARTHE_011,2012-08-11 08:15:00,27.71211095347,-86.89698070609
CARTHE_011,2012-08-11 08:30:00,27.71229705199,-86.89968343423
CARTHE_011,2012-08-11 08:45:00,27.71235239415,-86.90236293448
CARTHE_011,2012-08-11 09:00:00,27.71227732682,-86.90508381688
CARTHE_011,2012-08-11 09:15:00,27.71210832098,-86.90790424448
CARTHE_011,2012-08-11 09:30:00,27.7119038633,-86.91085581705
CARTHE_011,2012-08-11 09:45:00,27.71172308918,-86.91392822411
CARTHE_011,2012-08-11 10:00:00,27.7116067336,-86.91706396859
CARTHE_011,2012-08-11 10:15:00,27.71156721713,-86.92017033893
CARTHE_011,2012-08-11 10:30:00,27.71158978361,-86.92315032
CARTHE_011,2012-08-11 10:45:00,27.71164290637,-86.92593886005
CARTHE_011,2012-08-11 11:00:00,27.71169359664,-86.9285240225
CARTHE_011,2012-08-11 11:15:00,27.71172123326,-86.93094717319
CARTHE_011,2012-08-11 11:30:00,27.71172420814,-86.93328920668
CARTHE_011,2012-08-11 11:45:00,27.7117172245,-86.93564773742
CARTHE_011,2012-08-11 12:00:00,27.7117204208,-86.93810780833
CARTHE_011,2012-08-11 12:15:00,27.71174478797,-86.94071124669
CARTHE_011,2012-08-11 12:30:00,27.7117809684,-86.94343545336
CARTHE_011,2012-08-11 12:45:00,27.71179631573,-86.94619481521
CARTHE_011,2012-08-11 13:00:00,27.71174197194,-86.94886978631
CARTHE_011,2012-08-11 13:15:00,27.71157006631,-86.9513536837
CARTHE_011,2012-08-11 13:30:00,27.71125595132,-86.95359571419
CARTHE_011,2012-08-11 13:45:00,27.71081371177,-86.95561880559
CARTHE_011,2012-08-11 14:00:00,27.71029354293,-86.95750449619
CARTHE_011,2012-08-11 14:15:00,27.70976023409,-86.95935578293
CARTHE_011,2012-08-11 14:30:00,27.70926540091,-86.96125860377
CARTHE_011,2012-08-11 14:45:00,27.70882973033,-86.96325898973
CARTHE_011,2012-08-11 15:00:00,27.70844238969,-86.96536117842
CARTHE_011,2012-08-11 15:15:00,27.70807279663,-86.96754030039
CARTHE_011,2012-08-11 15:30:00,27.70768500974,-86.96975945807
CARTHE_011,2012-08-11 15:45:00,27.7072479983,-86.97198359633
CARTHE_011,2012-08-11 16:00:00,27.70674071109,-86.97418669914
CARTHE_011,2012-08-11 16:15:00,27.7061538418,-86.97635351453
CARTHE_011,2012-08-11 16:30:00,27.70548934174,-86.97847881738
CARTHE_011,2012-08-11 16:45:00,27.70475721355,-86.9805646054
CARTHE_011,2012-08-11 17:00:00,27.70397000915,-86.98261497129
CARTHE_011,2012-08-11 17:15:00,27.70313779027,-86.98463151061
CARTHE_011,2012-08-11 17:30:00,27.7022659255,-86.98661268512
CARTHE_011,2012-08-11 17:45:00,27.70135504846,-86.98855698842
CARTHE_011,2012-08-11 18:00:00,27.7004020634,-86.99046625417
CARTHE_011,2012-08-11 18:15:00,27.69940209159,-86.99234539429
CARTHE_011,2012-08-11 18:30:00,27.69835113834,-86.9941990572
CARTHE_011,2012-08-11 18:45:00,27.69724863431,-86.99602985059
CARTHE_011,2012-08-11 19:00:00,27.69609893151,-86.99784164509
CARTHE_011,2012-08-11 19:15:00,27.69491068632,-86.99964555002
CARTHE_011,2012-08-11 19:30:00,27.69369284416,-87.00146136789
CARTHE_011,2012-08-11 19:45:00,27.6924478785,-87.0033103194
CARTHE_011,2012-08-11 20:00:00,27.69116594892,-87.0052027951
CARTHE_011,2012-08-11 20:15:00,27.68982457677,-87.00713027642
CARTHE_011,2012-08-11 20:30:00,27.68839541573,-87.0090680757
CARTHE_011,2012-08-11 20:45:00,27.68685496922,-87.01098776121
CARTHE_011,2012-08-11 21:00:00,27.68519418211,-87.01287309207
CARTHE_011,2012-08-11 21:15:00,27.68342257046,-87.01473097136
CARTHE_011,2012-08-11 21:30:00,27.68156499349,-87.01658930739
CARTHE_011,2012-08-11 21:45:00,27.67965351206,-87.01848137861
CARTHE_011,2012-08-11 22:00:00,27.67771920829,-87.02042691535
CARTHE_011,2012-08-11 22:15:00,27.67578728512,-87.02242240208
CARTHE_011,2012-08-11 22:30:00,27.6738762592,-87.02444525768
CARTHE_011,2012-08-11 22:45:00,27.672000594,-87.02646675228
CARTHE_011,2012-08-11 23:00:00,27.67017390815,-87.02846478086
CARTHE_011,2012-08-11 23:15:00,27.6684090912,-87.03043294479
CARTHE_011,2012-08-11 23:30:00,27.66671452393,-87.03238604679
CARTHE_011,2012-08-11 23:45:00,27.66508874431,-87.03435603406
CARTHE_011,2012-08-12 00:00:00,27.66351800581,-87.03637634679
CARTHE_011,2012-08-12 00:15:00,27.66197917974,-87.0384645572
CARTHE_011,2012-08-12 00:30:00,27.66044487232,-87.04061418781
CARTHE_011,2012-08-12 00:45:00,27.65888580622,-87.04279951248
CARTHE_011,2012-08-12 01:00:00,27.65727073281,-87.04498968966
CARTHE_011,2012-08-12 01:15:00,27.65556937365,-87.04716449607
CARTHE_011,2012-08-12 01:30:00,27.65376025482,-87.0493265643
CARTHE_011,2012-08-12 01:45:00,27.6518379566,-87.05150667761
CARTHE_011,2012-08-12 02:00:00,27.64981428936,-87.05375693487
CARTHE_011,2012-08-12 02:15:00,27.6477139481,-87.05613255462
CARTHE_011,2012-08-12 02:30:00,27.64556757378,-87.05867283634
CARTHE_011,2012-08-12 02:45:00,27.64340473194,-87.06139184338
CARTHE_011,2012-08-12 03:00:00,27.64125055034,-87.06428138581
CARTHE_011,2012-08-12 03:15:00,27.63912785085,-87.06732107417
CARTHE_011,2012-08-12 03:30:00,27.63706163483,-87.07048706651
CARTHE_011,2012-08-12 03:45:00,27.63508067782,-87.07375491845
CARTHE_011,2012-08-12 04:00:00,27.63321334118,-87.07709990648
CARTHE_011,2012-08-12 04:15:00,27.63147955571,-87.080501566
CARTHE_011,2012-08-12 04:30:00,27.62988490409,-87.0839541782
CARTHE_011,2012-08-12 04:45:00,27.62842110233,-87.08747608271
CARTHE_011,2012-08-12 05:00:00,27.62707218538,-87.09110788314
CARTHE_011,2012-08-12 05:15:00,27.62582363309,-87.09489618243
CARTHE_011,2012-08-12 05:30:00,27.62467104364,-87.09886850275
CARTHE_011,2012-08-12 05:45:00,27.62362394227,-87.10301284554
CARTHE_011,2012-08-12 06:00:00,27.62270301581,-87.10727481565
CARTHE_011,2012-08-12 06:15:00,27.6219336231,-87.11157378217
CARTHE_011,2012-08-12 06:30:00,27.62133832292,-87.11582783096
CARTHE_011,2012-08-12 06:45:00,27.62092900357,-87.11997469104
CARTHE_011,2012-08-12 07:00:00,27.62070029079,-87.12398083985
CARTHE_011,2012-08-12 07:15:00,27.62062814945,-87.12783859476
CARTHE_011,2012-08-12 07:30:00,27.62067635287,-87.1315570634
CARTHE_011,2012-08-12 07:45:00,27.62080939683,-87.13515224843
CARTHE_011,2012-08-12 08:00:00,27.6210063204,-87.13863800947
CARTHE_011,2012-08-12 08:15:00,27.62126806887,-87.14202011204
CARTHE_011,2012-08-12 08:30:00,27.62161348941,-87.14529592855
CARTHE_011,2012-08-12 08:45:00,27.62206504905,-87.14845946231
CARTHE_011,2012-08-12 09:00:00,27.62263183167,-87.15150839517
CARTHE_011,2012-08-12 09:15:00,27.62330011541,-87.15444896208
CARTHE_011,2012-08-12 09:30:00,27.62403728715,-87.15729598016
CARTHE_011,2012-08-12 09:45:00,27.62480577531,-87.16006797131
CARTHE_011,2012-08-12 10:00:00,27.62557743072,-87.16277961457
CARTHE_011,2012-08-12 10:15:00,27.62634034049,-87.16543569511
CARTHE_011,2012-08-12 10:30:00,27.62709718336,-87.16802974511
CARTHE_011,2012-08-12 10:45:00,27.62785917276,-87.17054701498
CARTHE_011,2012-08-12 11:00:00,27.62863987677,-87.17296915805
CARTHE_011,2012-08-12 11:15:00,27.62945110321,-87.1752781885
CARTHE_011,2012-08-12 11:30:00,27.63030064769,-87.17745875363
CARTHE_011,2012-08-12 11:45:00,27.63119063818,-87.17949868933
CARTHE_011,2012-08-12 12:00:00,27.63211595249,-87.18138779889
CARTHE_011,2012-08-12 12:15:00,27.63306342655,-87.18311513376
CARTHE_011,2012-08-12 12:30:00,27.6340124897,-87.18466741787
CARTHE_011,2012-08-12 12:45:00,27.63493725618,-87.18603290502
CARTHE_011,2012-08-12 13:00:00,27.63580998433,-87.1872109158
CARTHE_011,2012-08-12 13:15:00,27.63660568151,-87.18822036714
CARTHE_011,2012-08-12 13:30:00,27.63730729312,-87.18909900682
CARTHE_011,2012-08-12 13:45:00,27.63791003596,-87.1898910895
CARTHE_011,2012-08-12 14:00:00,27.63842222521,-87.19062975976
CARTHE_011,2012-08-12 14:15:00,27.63886051317,-87.19132421171
CARTHE_011,2012-08-12 14:30:00,27.63924096117,-87.19195892293
CARTHE_011,2012-08-12 14:45:00,27.63957061619,-87.19250532095
CARTHE_011,2012-08-12 15:00:00,27.63984405658,-87.19293833252
CARTHE_011,2012-08-12 15:15:00,27.64004644252,-87.19324762981
CARTHE_011,2012-08-12 15:30:00,27.64016087407,-87.19343874775
CARTHE_011,2012-08-12 15:45:00,27.64017560177,-87.19352630428
CARTHE_011,2012-08-12 16:00:00,27.64008720685,-87.19352452461
CARTHE_011,2012-08-12 16:15:00,27.63989829743,-87.19344035564
CARTHE_011,2012-08-12 16:30:00,27.63961161456,-87.19327323452
CARTHE_011,2012-08-12 16:45:00,27.63922489745,-87.19302207393
CARTHE_011,2012-08-12 17:00:00,27.63873044865,-87.19269476749
CARTHE_011,2012-08-12 17:15:00,27.63811959572,-87.19231314984
CARTHE_011,2012-08-12 17:30:00,27.6373879339,-87.19191031226
CARTHE_011,2012-08-12 17:45:00,27.63653670158,-87.19152174858
CARTHE_011,2012-08-12 18:00:00,27.63556879411,-87.19117247346
CARTHE_011,2012-08-12 18:15:00,27.63448201751,-87.19086352582
CARTHE_011,2012-08-12 18:30:00,27.63326497798,-87.19056582028
CARTHE_011,2012-08-12 18:45:00,27.63190019419,-87.19022920156
CARTHE_011,2012-08-12 19:00:00,27.63037416384,-87.18980406616
CARTHE_011,2012-08-12 19:15:00,27.62868833783,-87.18926178079
CARTHE_011,2012-08-12 19:30:00,27.62686310647,-87.18860097198
CARTHE_011,2012-08-12 19:45:00,27.62493119827,-87.18784073346
CARTHE_011,2012-08-12 20:00:00,27.62292425123,-87.18701316879
CARTHE_011,2012-08-12 20:15:00,27.62086065313,-87.18616238883
CARTHE_011,2012-08-12 20:30:00,27.6187406173,-87.18534516391
CARTHE_011,2012-08-12 20:45:00,27.61654888556,-87.18462620263
CARTHE_011,2012-08-12 21:00:00,27.61426202012,-87.18406696951
CARTHE_011,2012-08-12 21:15:00,27.61185730642,-87.1837133218
CARTHE_011,2012-08-12 21:30:00,27.60932101959,-87.18358888046
CARTHE_011,2012-08-12 21:45:00,27.60665417445,-87.18369561117
CARTHE_011,2012-08-12 22:00:00,27.60387425869,-87.18401847702
CARTHE_011,2012-08-12 22:15:00,27.6010120434,-87.18453103694
CARTHE_011,2012-08-12 22:30:00,27.59810391842,-87.185200768
CARTHE_011,2012-08-12 22:45:00,27.59518218988,-87.18599437908
CARTHE_011,2012-08-12 23:00:00,27.5922670981,-87.18688337682
CARTHE_011,2012-08-12 23:15:00,27.58936381878,-87.1878487302
CARTHE_011,2012-08-12 23:30:00,27.58646548188,-87.18888233219
CARTHE_011,2012-08-12 23:45:00,27.58356029256,-87.18998521963
CARTHE_011,2012-08-13 00:00:00,27.58063884614,-87.19116681587
CARTHE_011,2012-08-13 00:15:00,27.57769814747,-87.19244821344
CARTHE_011,2012-08-13 00:30:00,27.57474187833,-87.19386564314
CARTHE_011,2012-08-13 00:45:00,27.57177926711,-87.19546899264
CARTHE_011,2012-08-13 01:00:00,27.56882444527,-87.19731431955
CARTHE_011,2012-08-13 01:15:00,27.56589611813,-87.19945050767
CARTHE_011,2012-08-13 01:30:00,27.56301656209,-87.20190116297
CARTHE_011,2012-08-13 01:45:00,27.56020893984,-87.20464943187
CARTHE_011,2012-08-13 02:00:00,27.55749321407,-87.20763916911
CARTHE_011,2012-08-13 02:15:00,27.55488368003,-87.21079680365
CARTHE_011,2012-08-13 02:30:00,27.55239022812,-87.21406090591
CARTHE_011,2012-08-13 02:45:00,27.55002141438,-87.21740006326
CARTHE_011,2012-08-13 03:00:00,27.54778704818,-87.22080901269
CARTHE_011,2012-08-13 03:15:00,27.5456997232,-87.22428894063
CARTHE_011,2012-08-13 03:30:00,27.54377366405,-87.22782916701
CARTHE_011,2012-08-13 03:45:00,27.54201926573,-87.23140453214
CARTHE_011,2012-08-13 04:00:00,27.54043527151,-87.2349888908
CARTHE_011,2012-08-13 04:15:00,27.53900309207,-87.23857351122
CARTHE_011,2012-08-13 04:30:00,27.53768764605,-87.24217715288
CARTHE_011,2012-08-13 04:45:00,27.53644676002,-87.24584058143
CARTHE_011,2012-08-13 05:00:00,27.53524697272,-87.24960726325
CARTHE_011,2012-08-13 05:15:00,27.53407971231,-87.25349934026
CARTHE_011,2012-08-13 05:30:00,27.53297034997,-87.25750076021
CARTHE_011,2012-08-13 05:45:00,27.53197470679,-87.26155620565
CARTHE_011,2012-08-13 06:00:00,27.53116352462,-87.26558532072
CARTHE_011,2012-08-13 06:15:00,27.53060140657,-87.26950317469
CARTHE_011,2012-08-13 06:30:00,27.530328252,-87.27323868345
CARTHE_011,2012-08-13 06:45:00,27.5303496945,-87.27674772364
CARTHE_011,2012-08-13 07:00:00,27.53063953486,-87.28001866695
CARTHE_011,2012-08-13 07:15:00,27.53115079614,-87.28306878886
CARTHE_011,2012-08-13 07:30:00,27.53182802552,-87.28593289282
CARTHE_011,2012-08-13 07:45:00,27.53261632941,-87.28864767809
CARTHE_011,2012-08-13 08:00:00,27.53346758139,-87.29123713103
CARTHE_011,2012-08-13 08:15:00,27.5343457945,-87.29370448324
CARTHE_011,2012-08-13 08:30:00,27.53523181684,-87.29603369634
CARTHE_011,2012-08-13 08:45:00,27.53612546786,-87.29820030443
CARTHE_011,2012-08-13 09:00:00,27.53704305338,-87.3001870581
CARTHE_011,2012-08-13 09:15:00,27.53800971086,-87.30199484245
CARTHE_011,2012-08-13 09:30:00,27.53904786946,-87.30364172475
CARTHE_011,2012-08-13 09:45:00,27.54016515932,-87.30515247112
CARTHE_011,2012-08-13 10:00:00,27.54134656133,-87.30654612994
CARTHE_011,2012-08-13 10:15:00,27.54255359087,-87.30782762096
CARTHE_011,2012-08-13 10:30:00,27.54373075049,-87.30898687281
CARTHE_011,2012-08-13 10:45:00,27.54481887544,-87.31000625078
CARTHE_011,2012-08-13 11:00:00,27.54577298219,-87.31087156704
CARTHE_011,2012-08-13 11:15:00,27.54657762364,-87.31157914653
CARTHE_011,2012-08-13 11:30:00,27.54725127313,-87.31213503227
CARTHE_011,2012-08-13 11:45:00,27.54783633253,-87.31254881059
CARTHE_011,2012-08-13 12:00:00,27.54837904308,-87.31282800785
CARTHE_011,2012-08-13 12:15:00,27.54890898372,-87.31297786235
CARTHE_011,2012-08-13 12:30:00,27.54942778653,-87.31300629869
CARTHE_011,2012-08-13 12:45:00,27.54991175612,-87.31292898873
CARTHE_011,2012-08-13 13:00:00,27.55032606183,-87.31276890918
CARTHE_011,2012-08-13 13:15:00,27.55064198953,-87.31254916511
CARTHE_011,2012-08-13 13:30:00,27.55084747815,-87.31228411482
CARTHE_011,2012-08-13 13:45:00,27.55094573771,-87.3119754994
CARTHE_011,2012-08-13 14:00:00,27.55094477935,-87.31161540136
CARTHE_011,2012-08-13 14:15:00,27.55084705533,-87.31119280753
CARTHE_011,2012-08-13 14:30:00,27.55064758929,-87.31069924586
CARTHE_011,2012-08-13 14:45:00,27.55034140946,-87.31013026957
CARTHE_011,2012-08-13 15:00:00,27.54993335412,-87.30948245745
CARTHE_011,2012-08-13 15:15:00,27.54944189322,-87.30874928077
CARTHE_011,2012-08-13 15:30:00,27.54889384172,-87.30792064198
CARTHE_011,2012-08-13 15:45:00,27.54831331806,-87.30698769186
CARTHE_011,2012-08-13 16:00:00,27.54771077901,-87.30595020325
CARTHE_011,2012-08-13 16:15:00,27.54707659849,-87.30482224243
CARTHE_011,2012-08-13 16:30:00,27.54638160605,-87.30363178511
CARTHE_011,2012-08-13 16:45:00,27.54558500927,-87.30241141723
CARTHE_011,2012-08-13 17:00:00,27.54464697282,-87.30118321476
CARTHE_011,2012-08-13 17:15:00,27.54354008259,-87.29994757734
CARTHE_011,2012-08-13 17:30:00,27.54225455221,-87.29868478729
CARTHE_011,2012-08-13 17:45:00,27.54079669904,-87.29736848348
CARTHE_011,2012-08-13 18:00:00,27.5391840318,-87.29598236674
CARTHE_011,2012-08-13 18:15:00,27.53744048546,-87.29453168528
CARTHE_011,2012-08-13 18:30:00,27.53559275966,-87.2930455518
CARTHE_011,2012-08-13 18:45:00,27.5336657343,-87.29157022707
CARTHE_011,2012-08-13 19:00:00,27.53167532595,-87.290155572
CARTHE_011,2012-08-13 19:15:00,27.5296217482,-87.28883805384
CARTHE_011,2012-08-13 19:30:00,27.52748883315,-87.28762733744
CARTHE_011,2012-08-13 19:45:00,27.52525150219,-87.2865050126
CARTHE_011,2012-08-13 20:00:00,27.52288724692,-87.285438301
CARTHE_011,2012-08-13 20:15:00,27.52038471547,-87.28440293754
CARTHE_011,2012-08-13 20:30:00,27.5177455681,-87.28340301493
CARTHE_011,2012-08-13 20:45:00,27.51498119343,-87.28247681021
CARTHE_011,2012-08-13 21:00:00,27.51210882135,-87.28168565463
CARTHE_011,2012-08-13 21:15:00,27.50915014605,-87.28109188648
CARTHE_011,2012-08-13 21:30:00,27.50613166723,-87.28073735168
CARTHE_011,2012-08-13 21:45:00,27.50308379579,-87.280632373
CARTHE_011,2012-08-13 22:00:00,27.50003751137,-87.28075708666
CARTHE_011,2012-08-13 22:15:00,27.49702121586,-87.28107023741
CARTHE_011,2012-08-13 22:30:00,27.49406017308,-87.2815195137
CARTHE_011,2012-08-13 22:45:00,27.49117538539,-87.28205192212
CARTHE_011,2012-08-13 23:00:00,27.48837748966,-87.28262705774
CARTHE_011,2012-08-13 23:15:00,27.48565852398,-87.28323163972
CARTHE_011,2012-08-13 23:30:00,27.48298966955,-87.28388543615
CARTHE_011,2012-08-13 23:45:00,27.48032962952,-87.28463109852
CARTHE_011,2012-08-14 00:00:00,27.47764023666,-87.28551335655
CARTHE_011,2012-08-14 00:15:00,27.47490010415,-87.28656162785
CARTHE_011,2012-08-14 00:30:00,27.47210898898,-87.28778585302
CARTHE_011,2012-08-14 00:45:00,27.4692834942,-87.28918397654
CARTHE_011,2012-08-14 01:00:00,27.46645042416,-87.2907516775
CARTHE_011,2012-08-14 01:15:00,27.46364190862,-87.29248538326
CARTHE_011,2012-08-14 01:30:00,27.46089056717,-87.29437652259
CARTHE_011,2012-08-14 01:45:00,27.45822159893,-87.29640380502
CARTHE_011,2012-08-14 02:00:00,27.45564327266,-87.2985336553
CARTHE_011,2012-08-14 02:15:00,27.45314245824,-87.30073281738
CARTHE_011,2012-08-14 02:30:00,27.45069107938,-87.30298588396
CARTHE_011,2012-08-14 02:45:00,27.44826243497,-87.30530354961
CARTHE_011,2012-08-14 03:00:00,27.44584882925,-87.30771350073
CARTHE_011,2012-08-14 03:15:00,27.44346975388,-87.31024014082
CARTHE_011,2012-08-14 03:30:00,27.44116638093,-87.3128870733
CARTHE_011,2012-08-14 03:45:00,27.43898768975,-87.31563188887
CARTHE_011,2012-08-14 04:00:00,27.43697619851,-87.31843397339
CARTHE_011,2012-08-14 04:15:00,27.43515721437,-87.32124954419
CARTHE_011,2012-08-14 04:30:00,27.4335327264,-87.3240450817
CARTHE_011,2012-08-14 04:45:00,27.43208186042,-87.32680286777
CARTHE_011,2012-08-14 05:00:00,27.43076947561,-87.3295181685
CARTHE_011,2012-08-14 05:15:00,27.42956066274,-87.33219170586
CARTHE_011,2012-08-14 05:30:00,27.42843449421,-87.33482275599
CARTHE_011,2012-08-14 05:45:00,27.42739021056,-87.33740709131
CARTHE_011,2012-08-14 06:00:00,27.42644406421,-87.33993995612
CARTHE_011,2012-08-14 06:15:00,27.4256197436,-87.34242028556
CARTHE_011,2012-08-14 06:30:00,27.42493680927,-87.34485186544
CARTHE_011,2012-08-14 06:45:00,27.42440179266,-87.34723985312
CARTHE_011,2012-08-14 07:00:00,27.42400559006,-87.34958473486
CARTHE_011,2012-08-14 07:15:00,27.42372774219,-87.35187802138
CARTHE_011,2012-08-14 07:30:00,27.42354476792,-87.3541031994
CARTHE_011,2012-08-14 07:45:00,27.42343783803,-87.35624185192
CARTHE_011,2012-08-14 08:00:00,27.42339571508,-87.3582811159
CARTHE_011,2012-08-14 08:15:00,27.42341214122,-87.36021796893
CARTHE_011,2012-08-14 08:30:00,27.42348069062,-87.36205819838
CARTHE_011,2012-08-14 08:45:00,27.42359175282,-87.36381116038
CARTHE_011,2012-08-14 09:00:00,27.42373393001,-87.36548296824
CARTHE_011,2012-08-14 09:15:00,27.42389768828,-87.36707068627
CARTHE_011,2012-08-14 09:30:00,27.4240769816,-87.3685608696
CARTHE_011,2012-08-14 09:45:00,27.42426672083,-87.36993501531
CARTHE_011,2012-08-14 10:00:00,27.42445787938,-87.3711797171
CARTHE_011,2012-08-14 10:15:00,27.42463449939,-87.37229574826
CARTHE_011,2012-08-14 10:30:00,27.42477505834,-87.37330086868
CARTHE_011,2012-08-14 10:45:00,27.42485658021,-87.37422402553
CARTHE_011,2012-08-14 11:00:00,27.4248591454,-87.37509231259
CARTHE_011,2012-08-14 11:15:00,27.42477074113,-87.3759164959
CARTHE_011,2012-08-14 11:30:00,27.42459198093,-87.37668344843
CARTHE_011,2012-08-14 11:45:00,27.42433690853,-87.37736082525
CARTHE_011,2012-08-14 12:00:00,27.42402635262,-87.37791115441
CARTHE_011,2012-08-14 12:15:00,27.42367699408,-87.37830616185
CARTHE_011,2012-08-14 12:30:00,27.42329435622,-87.37853422631
CARTHE_011,2012-08-14 12:45:00,27.42287448786,-87.37859948538
CARTHE_011,2012-08-14 13:00:00,27.42241171979,-87.37851449227
CARTHE_011,2012-08-14 13:15:00,27.4219054834,-87.37829098331
CARTHE_011,2012-08-14 13:30:00,27.42136043213,-87.37793479646
CARTHE_011,2012-08-14 13:45:00,27.42077989278,-87.37744764416
CARTHE_011,2012-08-14 14:00:00,27.42015907309,-87.37683293355
CARTHE_011,2012-08-14 14:15:00,27.41948491305,-87.37609980982
CARTHE_011,2012-08-14 14:30:00,27.41874316891,-87.37526155839
CARTHE_011,2012-08-14 14:45:00,27.41792698502,-87.37433011981
CARTHE_011,2012-08-14 15:00:00,27.41703993874,-87.37331222953
CARTHE_011,2012-08-14 15:15:00,27.41609079277,-87.37221122571
CARTHE_011,2012-08-14 15:30:00,27.41508336661,-87.37103396418
CARTHE_011,2012-08-14 15:45:00,27.41400780235,-87.36979834662
CARTHE_011,2012-08-14 16:00:00,27.41283823112,-87.3685353772
CARTHE_011,2012-08-14 16:15:00,27.41153857816,-87.36728094469
CARTHE_011,2012-08-14 16:30:00,27.41007463032,-87.36605829608
CARTHE_011,2012-08-14 16:45:00,27.40842706378,-87.36486118085
CARTHE_011,2012-08-14 17:00:00,27.40659815911,-87.36365033978
CARTHE_011,2012-08-14 17:15:00,27.40460775597,-87.36236668279
CARTHE_011,2012-08-14 17:30:00,27.40248105672,-87.36095268302
CARTHE_011,2012-08-14 17:45:00,27.40023643532,-87.35937064582
CARTHE_011,2012-08-14 18:00:00,27.39788017019,-87.35761162849
CARTHE_011,2012-08-14 18:15:00,27.39540827655,-87.35569599883
CARTHE_011,2012-08-14 18:30:00,27.39281055322,-87.353669692
CARTHE_011,2012-08-14 18:45:00,27.39007295101,-87.35159743829
CARTHE_011,2012-08-14 19:00:00,27.38717911606,-87.34955230843
CARTHE_011,2012-08-14 19:15:00,27.38411457198,-87.34760197006
CARTHE_011,2012-08-14 19:30:00,27.38087389904,-87.34579376755
CARTHE_011,2012-08-14 19:45:00,27.37746618544,-87.34414399875
CARTHE_011,2012-08-14 20:00:00,27.37391333654,-87.34263890916
CARTHE_011,2012-08-14 20:15:00,27.3702411232,-87.34125005638
CARTHE_011,2012-08-14 20:30:00,27.36646975357,-87.33995667677
CARTHE_011,2012-08-14 20:45:00,27.36261201126,-87.33876244771
CARTHE_011,2012-08-14 21:00:00,27.35868051881,-87.33769797587
CARTHE_011,2012-08-14 21:15:00,27.35469820284,-87.33680889022
CARTHE_011,2012-08-14 21:30:00,27.35070406402,-87.33613641392
CARTHE_011,2012-08-14 21:45:00,27.34674940435,-87.33570061977
CARTHE_011,2012-08-14 22:00:00,27.3428857555,-87.33549464334
CARTHE_011,2012-08-14 22:15:00,27.33915189266,-87.33548995132
CARTHE_011,2012-08-14 22:30:00,27.33556712838,-87.33564644197
CARTHE_011,2012-08-14 22:45:00,27.33213202757,-87.33592204079
CARTHE_011,2012-08-14 23:00:00,27.32883355116,-87.33628003193
CARTHE_011,2012-08-14 23:15:00,27.32565142956,-87.3366951886
CARTHE_011,2012-08-14 23:30:00,27.32256384038,-87.33715943217
CARTHE_011,2012-08-14 23:45:00,27.31955136502,-87.33768361478
CARTHE_011,2012-08-15 00:00:00,27.31659841548,-87.3382911886
CARTHE_011,2012-08-15 00:15:00,27.31369301729,-87.3390059873
CARTHE_011,2012-08-15 00:30:00,27.310828,-87.33984119558
CARTHE_011,2012-08-15 00:45:00,27.30800404126,-87.34079509751
CARTHE_011,2012-08-15 01:00:00,27.30523103425,-87.34185426673
CARTHE_011,2012-08-15 01:15:00,27.30252575711,-87.34299981289
CARTHE_011,2012-08-15 01:30:00,27.29990691846,-87.34421208964
CARTHE_011,2012-08-15 01:45:00,27.29738951256,-87.3454740757
CARTHE_011,2012-08-15 02:00:00,27.29498043878,-87.34677630707
CARTHE_011,2012-08-15 02:15:00,27.29267644255,-87.34812331855
CARTHE_011,2012-08-15 02:30:00,27.2904644344,-87.34953655153
CARTHE_011,2012-08-15 02:45:00,27.28832489178,-87.35104849189
CARTHE_011,2012-08-15 03:00:00,27.28623964607,-87.35268908005
CARTHE_011,2012-08-15 03:15:00,27.28420184771,-87.35447165201
CARTHE_011,2012-08-15 03:30:00,27.28222079633,-87.35638594389
CARTHE_011,2012-08-15 03:45:00,27.28031613613,-87.35840152944
CARTHE_011,2012-08-15 04:00:00,27.27850619151,-87.3604793551
CARTHE_011,2012-08-15 04:15:00,27.27680228078,-87.36258374469
CARTHE_011,2012-08-15 04:30:00,27.27521362992,-87.36468789191
CARTHE_011,2012-08-15 04:45:00,27.27375430866,-87.36677360046
CARTHE_011,2012-08-15 05:00:00,27.27244124983,-87.3688312632
CARTHE_011,2012-08-15 05:15:00,27.27128326849,-87.370862097
CARTHE_011,2012-08-15 05:30:00,27.27027101521,-87.37287798717
CARTHE_011,2012-08-15 05:45:00,27.26937704606,-87.37489472083
CARTHE_011,2012-08-15 06:00:00,27.26856662114,-87.37692181645
CARTHE_011,2012-08-15 06:15:00,27.2678118251,-87.37895599276
CARTHE_011,2012-08-15 06:30:00,27.26710064246,-87.38098094078
CARTHE_011,2012-08-15 06:45:00,27.26643759485,-87.38297113901
CARTHE_011,2012-08-15 07:00:00,27.26583761302,-87.38489741361
CARTHE_011,2012-08-15 07:15:00,27.26531738363,-87.38673333368
CARTHE_011,2012-08-15 07:30:00,27.26488912342,-87.38846083801
CARTHE_011,2012-08-15 07:45:00,27.26456005788,-87.39007243527
CARTHE_011,2012-08-15 08:00:00,27.26433672663,-87.39156891964
CARTHE_011,2012-08-15 08:15:00,27.26422966392,-87.3929549935
CARTHE_011,2012-08-15 08:30:00,27.2642542568,-87.39423575273
CARTHE_011,2012-08-15 08:45:00,27.26442671288,-87.3954138095
CARTHE_011,2012-08-15 09:00:00,27.264757182,-87.39648530461
CARTHE_011,2012-08-15 09:15:00,27.2652436431,-87.39743582475
CARTHE_011,2012-08-15 09:30:00,27.26586986259,-87.39824037531
CARTHE_011,2012-08-15 09:45:00,27.26660864973,-87.39887072301
CARTHE_011,2012-08-15 10:00:00,27.2674293022,-87.39930751274
CARTHE_011,2012-08-15 10:15:00,27.2683062409,-87.39954979145
CARTHE_011,2012-08-15 10:30:00,27.26922434489,-87.39961643903
CARTHE_011,2012-08-15 10:45:00,27.27017699391,-87.39954018109
CARTHE_011,2012-08-15 11:00:00,27.27115762295,-87.39935896028
CARTHE_011,2012-08-15 11:15:00,27.27215100875,-87.39910767081
CARTHE_011,2012-08-15 11:30:00,27.27312957095,-87.39880991776
CARTHE_011,2012-08-15 11:45:00,27.2740555752,-87.39846980052
CARTHE_011,2012-08-15 12:00:00,27.27488853636,-87.39806700155
CARTHE_011,2012-08-15 12:15:00,27.27559640477,-87.39756019339
CARTHE_011,2012-08-15 12:30:00,27.27616634889,-87.39689951014
CARTHE_011,2012-08-15 12:45:00,27.27660897148,-87.39604183148
CARTHE_011,2012-08-15 13:00:00,27.27695243624,-87.39496120166
CARTHE_011,2012-08-15 13:15:00,27.27722869683,-87.39365225145
CARTHE_011,2012-08-15 13:30:00,27.27745818917,-87.39212775353
CARTHE_011,2012-08-15 13:45:00,27.27763920529,-87.39041070727
CARTHE_011,2012-08-15 14:00:00,27.27774505763,-87.38852352201
CARTHE_011,2012-08-15 14:15:00,27.27772897904,-87.3864810469
CARTHE_011,2012-08-15 14:30:00,27.27753542117,-87.38429243434
CARTHE_011,2012-08-15 14:45:00,27.27711546258,-87.38196926877
CARTHE_011,2012-08-15 15:00:00,27.27644061026,-87.37953265926
CARTHE_011,2012-08-15 15:15:00,27.27550807816,-87.37701422879
CARTHE_011,2012-08-15 15:30:00,27.27433557599,-87.37445188523
CARTHE_011,2012-08-15 15:45:00,27.27295035755,-87.37188491364
CARTHE_011,2012-08-15 16:00:00,27.27138095621,-87.36935088316
CARTHE_011,2012-08-15 16:15:00,27.26965748969,-87.36688214311
CARTHE_011,2012-08-15 16:30:00,27.26781734533,-87.36449917437
CARTHE_011,2012-08-15 16:45:00,27.26590566399,-87.36220310637
CARTHE_011,2012-08-15 17:00:00,27.2639638666,-87.3599741167
CARTHE_011,2012-08-15 17:15:00,27.26201171215,-87.35778068556
CARTHE_011,2012-08-15 17:30:00,27.2600364448,-87.35559622587
CARTHE_011,2012-08-15 17:45:00,27.2579998464,-87.35341294426
CARTHE_011,2012-08-15 18:00:00,27.25586229311,-87.35124491697
CARTHE_011,2012-08-15 18:15:00,27.25360848109,-87.34912063366
CARTHE_011,2012-08-15 18:30:00,27.25125548216,-87.3470718803
CARTHE_011,2012-08-15 18:45:00,27.24883792937,-87.34512539873
CARTHE_011,2012-08-15 19:00:00,27.24638444729,-87.34329836135
CARTHE_011,2012-08-15 19:15:00,27.2439044709,-87.34159640843
CARTHE_011,2012-08-15 19:30:00,27.24139218221,-87.34001528585
CARTHE_011,2012-08-15 19:45:00,27.23883987559,-87.33854684264
CARTHE_011,2012-08-15 20:00:00,27.23624909807,-87.33718624392
CARTHE_011,2012-08-15 20:15:00,27.23363410716,-87.33593415754
CARTHE_011,2012-08-15 20:30:00,27.23102019948,-87.33479063264
CARTHE_011,2012-08-15 20:45:00,27.2284397501,-87.33374638641
CARTHE_011,2012-08-15 21:00:00,27.22592411677,-87.33278172043
CARTHE_011,2012-08-15 21:15:00,27.22349017391,-87.33187675856
CARTHE_011,2012-08-15 21:30:00,27.22112814237,-87.33102524296
CARTHE_011,2012-08-15 21:45:00,27.21880192118,-87.3302400242
CARTHE_011,2012-08-15 22:00:00,27.21646545158,-87.32954696651
CARTHE_011,2012-08-15 22:15:00,27.2140858429,-87.32897448325
CARTHE_011,2012-08-15 22:30:00,27.21165816083,-87.32854649947
CARTHE_011,2012-08-15 22:45:00,27.20920329268,-87.32828080674
CARTHE_011,2012-08-15 23:00:00,27.2067543779,-87.32819091383
CARTHE_011,2012-08-15 23:15:00,27.204344946,-87.32828877536
CARTHE_011,2012-08-15 23:30:00,27.202004805,-87.32858601711
CARTHE_011,2012-08-15 23:45:00,27.19975890849,-87.32909273007
CARTHE_011,2012-08-16 00:00:00,27.19762316152,-87.32981529111
CARTHE_011,2012-08-16 00:15:00,27.19559746301,-87.33075450958
CARTHE_011,2012-08-16 00:30:00,27.19366238958,-87.33190337756
CARTHE_011,2012-08-16 00:45:00,27.19178568435,-87.33324441585
CARTHE_011,2012-08-16 01:00:00,27.18993660214,-87.33474935451
CARTHE_011,2012-08-16 01:15:00,27.18809964624,-87.3363836314
CARTHE_011,2012-08-16 01:30:00,27.18628093839,-87.33811339616
CARTHE_011,2012-08-16 01:45:00,27.18450521314,-87.33991005417
CARTHE_011,2012-08-16 02:00:00,27.1828060701,-87.34175072126
CARTHE_011,2012-08-16 02:15:00,27.18121611036,-87.34361703891
CARTHE_011,2012-08-16 02:30:00,27.17976191965,-87.34549465788
CARTHE_011,2012-08-16 02:45:00,27.17846269735,-87.3473738389
CARTHE_011,2012-08-16 03:00:00,27.17732874973,-87.34925081385
CARTHE_011,2012-08-16 03:15:00,27.17636012681,-87.35112777237
CARTHE_011,2012-08-16 03:30:00,27.17555006976,-87.35300907395
CARTHE_011,2012-08-16 03:45:00,27.1748956458,-87.3548954323
CARTHE_011,2012-08-16 04:00:00,27.1744084156,-87.35677910172
CARTHE_011,2012-08-16 04:15:00,27.17411274766,-87.35864100585
CARTHE_011,2012-08-16 04:30:00,27.17402774746,-87.3604514934
CARTHE_011,2012-08-16 04:45:00,27.17414376428,-87.36217667226
CARTHE_011,2012-08-16 05:00:00,27.1744119152,-87.36378837195
CARTHE_011,2012-08-16 05:15:00,27.17475786549,-87.36527165936
CARTHE_011,2012-08-16 05:30:00,27.17511400423,-87.36662439121
CARTHE_011,2012-08-16 05:45:00,27.1754510318,-87.36784915496
CARTHE_011,2012-08-16 06:00:00,27.17579041559,-87.36894473164
CARTHE_011,2012-08-16 06:15:00,27.17619135006,-87.36990512333
CARTHE_011,2012-08-16 06:30:00,27.17672018799,-87.37072826856
CARTHE_011,2012-08-16 06:45:00,27.17741827039,-87.37142854327
CARTHE_011,2012-08-16 07:00:00,27.17828320265,-87.37204234477
CARTHE_011,2012-08-16 07:15:00,27.1792706644,-87.37261855351
CARTHE_011,2012-08-16 07:30:00,27.18031348718,-87.37319565852
CARTHE_011,2012-08-16 07:45:00,27.18134786465,-87.37377796581
CARTHE_011,2012-08-16 08:00:00,27.18233529543,-87.3743263269
CARTHE_011,2012-08-16 08:15:00,27.18327152499,-87.37477144668
CARTHE_011,2012-08-16 08:30:00,27.18418061777,-87.37504432092
CARTHE_011,2012-08-16 08:45:00,27.18510075754,-87.37510786878
CARTHE_011,2012-08-16 09:00:00,27.18607020133,-87.37497177834
CARTHE_011,2012-08-16 09:15:00,27.18711751834,-87.37468208228
CARTHE_011,2012-08-16 09:30:00,27.18825641697,-87.37429295816
CARTHE_011,2012-08-16 09:45:00,27.18948416423,-87.37383619648
CARTHE_011,2012-08-16 10:00:00,27.19078228771,-87.37330316353
CARTHE_011,2012-08-16 10:15:00,27.19211870309,-87.37264820828
CARTHE_011,2012-08-16 10:30:00,27.19345308411,-87.37180939145
CARTHE_011,2012-08-16 10:45:00,27.1947469017,-87.3707329124
CARTHE_011,2012-08-16 11:00:00,27.1959740977,-87.36938981114
CARTHE_011,2012-08-16 11:15:00,27.19712505436,-87.36778200857
CARTHE_011,2012-08-16 11:30:00,27.19820124093,-87.36594032903
CARTHE_011,2012-08-16 11:45:00,27.19920583738,-87.36391587528
CARTHE_011,2012-08-16 12:00:00,27.20013768646,-87.36176575389
CARTHE_011,2012-08-16 12:15:00,27.20099051784,-87.35953782103
CARTHE_011,2012-08-16 12:30:00,27.20175342671,-87.35726006875
CARTHE_011,2012-08-16 12:45:00,27.20241047334,-87.3549376065
CARTHE_011,2012-08-16 13:00:00,27.20294412067,-87.35255767684
CARTHE_011,2012-08-16 13:15:00,27.20334702232,-87.35010124952
CARTHE_011,2012-08-16 13:30:00,27.20363584216,-87.34755741766
CARTHE_011,2012-08-16 13:45:00,27.20385242499,-87.34493348737
CARTHE_011,2012-08-16 14:00:00,27.20404435055,-87.34225319574
CARTHE_011,2012-08-16 14:15:00,27.20423455934,-87.33954290159
CARTHE_011,2012-08-16 14:30:00,27.2044018884,-87.33681615569
CARTHE_011,2012-08-16 14:45:00,27.20448824411,-87.33406932087
CARTHE_011,2012-08-16 15:00:00,27.2044282804,-87.33129125502
CARTHE_011,2012-08-16 15:15:00,27.20418211383,-87.32847937798
CARTHE_011,2012-08-16 15:30:00,27.20375158263,-87.3256508855
CARTHE_011,2012-08-16 15:45:00,27.20317223871,-87.32284162127
CARTHE_011,2012-08-16 16:00:00,27.20248839153,-87.32009327841
CARTHE_011,2012-08-16 16:15:00,27.20172732953,-87.31743577151
CARTHE_011,2012-08-16 16:30:00,27.20088639015,-87.31487328407
CARTHE_011,2012-08-16 16:45:00,27.19993690485,-87.31238106204
CARTHE_011,2012-08-16 17:00:00,27.19883946033,-87.30991630284
CARTHE_011,2012-08-16 17:15:00,27.19756083058,-87.30744036324
CARTHE_011,2012-08-16 17:30:00,27.19608489063,-87.30494248733
CARTHE_011,2012-08-16 17:45:00,27.19441494373,-87.30245268446
CARTHE_011,2012-08-16 18:00:00,27.19256923548,-87.30003564693
CARTHE_011,2012-08-16 18:15:00,27.19057306023,-87.29776679977
CARTHE_011,2012-08-16 18:30:00,27.18845206229,-87.29570269489
CARTHE_011,2012-08-16 18:45:00,27.18623134585,-87.29386251262
CARTHE_011,2012-08-16 19:00:00,27.18394081721,-87.29222986583
CARTHE_011,2012-08-16 19:15:00,27.18162146294,-87.29077123706
CARTHE_011,2012-08-16 19:30:00,27.17932525153,-87.2894587394
CARTHE_011,2012-08-16 19:45:00,27.17710509811,-87.28828406627
CARTHE_011,2012-08-16 20:00:00,27.17499898665,-87.28725670019
CARTHE_011,2012-08-16 20:15:00,27.17301745214,-87.28638902445
CARTHE_011,2012-08-16 20:30:00,27.17114146759,-87.28567919894
CARTHE_011,2012-08-16 20:45:00,27.16933161586,-87.28510500102
CARTHE_011,2012-08-16 21:00:00,27.16754370679,-87.28463452991
CARTHE_011,2012-08-16 21:15:00,27.16574377098,-87.284246055
CARTHE_011,2012-08-16 21:30:00,27.16391747025,-87.28394223892
CARTHE_011,2012-08-16 21:45:00,27.16207292098,-87.28375046291
CARTHE_011,2012-08-16 22:00:00,27.16023928836,-87.28371165209
CARTHE_011,2012-08-16 22:15:00,27.15846433705,-87.28386534689
CARTHE_011,2012-08-16 22:30:00,27.15680972061,-87.28423770925
CARTHE_011,2012-08-16 22:45:00,27.15533882407,-87.28483462034
CARTHE_011,2012-08-16 23:00:00,27.15409708618,-87.28563863688
CARTHE_011,2012-08-16 23:15:00,27.15309492622,-87.28660973277
CARTHE_011,2012-08-16 23:30:00,27.15230633875,-87.28769277526
CARTHE_011,2012-08-16 23:45:00,27.15168655382,-87.2888328263
CARTHE_011,2012-08-17 00:00:00,27.15119760181,-87.28999191108
CARTHE_011,2012-08-17 00:15:00,27.15082437481,-87.29115688384
CARTHE_011,2012-08-17 00:30:00,27.15057284842,-87.29233418432
CARTHE_011,2012-08-17 00:45:00,27.1504575496,-87.29353693698
CARTHE_011,2012-08-17 01:00:00,27.15049024836,-87.29477339065
CARTHE_011,2012-08-17 01:15:00,27.15067413238,-87.29604123024
CARTHE_011,2012-08-17 01:30:00,27.15100125986,-87.29732710419
CARTHE_011,2012-08-17 01:45:00,27.15145246977,-87.29860904691
CARTHE_011,2012-08-17 02:00:00,27.15200220262,-87.29986040943
CARTHE_011,2012-08-17 02:15:00,27.15262921731,-87.30105496895
CARTHE_011,2012-08-17 02:30:00,27.15332835289,-87.30217230784
CARTHE_011,2012-08-17 02:45:00,27.15411435883,-87.30320157553
CARTHE_011,2012-08-17 03:00:00,27.15501140647,-87.30414064524
CARTHE_011,2012-08-17 03:15:00,27.15603311661,-87.30499035653
CARTHE_011,2012-08-17 03:30:00,27.15716848175,-87.3057498303
CARTHE_011,2012-08-17 03:45:00,27.15838672168,-87.30641922107
CARTHE_011,2012-08-17 04:00:00,27.1596590989,-87.30700793453
CARTHE_011,2012-08-17 04:15:00,27.16098088438,-87.30753878399
CARTHE_011,2012-08-17 04:30:00,27.16237642359,-87.30804171461
CARTHE_011,2012-08-17 04:45:00,27.16388432614,-87.30854065642
CARTHE_011,2012-08-17 05:00:00,27.16553426207,-87.30904293093
CARTHE_011,2012-08-17 05:15:00,27.16733003871,-87.30953808849
CARTHE_011,2012-08-17 05:30:00,27.16924731011,-87.31000588781
CARTHE_011,2012-08-17 05:45:00,27.17124592593,-87.31042747232
CARTHE_011,2012-08-17 06:00:00,27.17328925908,-87.31079382668
CARTHE_011,2012-08-17 06:15:00,27.17535906231,-87.31110810016
CARTHE_011,2012-08-17 06:30:00,27.17745897646,-87.31138156642
CARTHE_011,2012-08-17 06:45:00,27.17960874343,-87.3116274108
CARTHE_011,2012-08-17 07:00:00,27.18183513525,-87.31185669788
CARTHE_011,2012-08-17 07:15:00,27.18416294631,-87.31207569441
CARTHE_011,2012-08-17 07:30:00,27.1866059928,-87.31228161883
CARTHE_011,2012-08-17 07:45:00,27.18915861986,-87.31245769121
CARTHE_011,2012-08-17 08:00:00,27.191792125,-87.3125722893
CARTHE_011,2012-08-17 08:15:00,27.19446062656,-87.31258577835
CARTHE_011,2012-08-17 08:30:00,27.19711479555,-87.3124635389
CARTHE_011,2012-08-17 08:45:00,27.19971710378,-87.31218929541
CARTHE_011,2012-08-17 09:00:00,27.2022522745,-87.31177147892
CARTHE_011,2012-08-17 09:15:00,27.20472919834,-87.31123825024
CARTHE_011,2012-08-17 09:30:00,27.20717447114,-87.3106229893
CARTHE_011,2012-08-17 09:45:00,27.20962058343,-87.30994682454
CARTHE_011,2012-08-17 10:00:00,27.2120923834,-87.3092053532
CARTHE_011,2012-08-17 10:15:00,27.21459614581,-87.30836434746
CARTHE_011,2012-08-17 10:30:00,27.2171155753,-87.30736683004
CARTHE_011,2012-08-17 10:45:00,27.21961666984,-87.30615220172
CARTHE_011,2012-08-17 11:00:00,27.22205954572,-87.30468286899
CARTHE_011,2012-08-17 11:15:00,27.22441145534,-87.30296638767
CARTHE_011,2012-08-17 11:30:00,27.22665497443,-87.30106063255
CARTHE_011,2012-08-17 11:45:00,27.22878935089,-87.29905848452
CARTHE_011,2012-08-17 12:00:00,27.23082692541,-87.29705946198
CARTHE_011,2012-08-17 12:15:00,27.23278757189,-87.29514171185
CARTHE_011,2012-08-17 12:30:00,27.23469297181,-87.29334526348
CARTHE_011,2012-08-17 12:45:00,27.23656196546,-87.29166915411
CARTHE_011,2012-08-17 13:00:00,27.23840854912,-87.29007812215
CARTHE_011,2012-08-17 13:15:00,27.24024323783,-87.2885136905
CARTHE_011,2012-08-17 13:30:00,27.24207613141,-87.28690769874
CARTHE_011,2012-08-17 13:45:00,27.24391802959,-87.28519789028
CARTHE_011,2012-08-17 14:00:00,27.24577749519,-87.28334387033
CARTHE_011,2012-08-17 14:15:00,27.24765628449,-87.28133867805
CARTHE_011,2012-08-17 14:30:00,27.24954756148,-87.27920824327
CARTHE_011,2012-08-17 14:45:00,27.25143783423,-87.27699459638
CARTHE_011,2012-08-17 15:00:00,27.25330806663,-87.27473079506
CARTHE_011,2012-08-17 15:15:00,27.25512928538,-87.27242388828
CARTHE_011,2012-08-17 15:30:00,27.25685567591,-87.27005824594
CARTHE_011,2012-08-17 15:45:00,27.2584254891,-87.26761934614
CARTHE_011,2012-08-17 16:00:00,27.25977800354,-87.26512473449
CARTHE_011,2012-08-17 16:15:00,27.26088215985,-87.26264094576
CARTHE_011,2012-08-17 16:30:00,27.26175904661,-87.26027098815
CARTHE_011,2012-08-17 16:45:00,27.26248058407,-87.25811814664
CARTHE_011,2012-08-17 17:00:00,27.26314236605,-87.25624940737
CARTHE_011,2012-08-17 17:15:00,27.26382636877,-87.25467891293
CARTHE_011,2012-08-17 17:30:00,27.26457459713,-87.25337540937
CARTHE_011,2012-08-17 17:45:00,27.26538460558,-87.25228396174
CARTHE_011,2012-08-17 18:00:00,27.26622241717,-87.25134889524
CARTHE_011,2012-08-17 18:15:00,27.26704054726,-87.25052891128
CARTHE_011,2012-08-17 18:30:00,27.26779106022,-87.24980188242
CARTHE_011,2012-08-17 18:45:00,27.26843019525,-87.24916264059
CARTHE_011,2012-08-17 19:00:00,27.26891807004,-87.24861880815
CARTHE_011,2012-08-17 19:15:00,27.26922092446,-87.24818734272
CARTHE_011,2012-08-17 19:30:00,27.26931991015,-87.24789196351
CARTHE_011,2012-08-17 19:45:00,27.26922158419,-87.24776011001
CARTHE_011,2012-08-17 20:00:00,27.2689612864,-87.24781754738
CARTHE_011,2012-08-17 20:15:00,27.26859553117,-87.24808027663
CARTHE_011,2012-08-17 20:30:00,27.26818703331,-87.24854654234
CARTHE_011,2012-08-17 20:45:00,27.26778969764,-87.24919403804
CARTHE_011,2012-08-17 21:00:00,27.26743932902,-87.24998629392
CARTHE_011,2012-08-17 21:15:00,27.26715109095,-87.25088692192
CARTHE_011,2012-08-17 21:30:00,27.26692122034,-87.25187403117
CARTHE_011,2012-08-17 21:45:00,27.26673147686,-87.25294606173
CARTHE_011,2012-08-17 22:00:00,27.26655687606,-87.25411630945
CARTHE_011,2012-08-17 22:15:00,27.26637527774,-87.25539979401
CARTHE_011,2012-08-17 22:30:00,27.26617394881,-87.25679853847
CARTHE_011,2012-08-17 22:45:00,27.26594892317,-87.25829181577
CARTHE_011,2012-08-17 23:00:00,27.26569858012,-87.25983635009
CARTHE_011,2012-08-17 23:15:00,27.26541879486,-87.26137764376
CARTHE_011,2012-08-17 23:30:00,27.26510607618,-87.26286896322
CARTHE_011,2012-08-17 23:45:00,27.2647672965,-87.26428998761
CARTHE_011,2012-08-18 00:00:00,27.26442794042,-87.26565524238
CARTHE_011,2012-08-18 00:15:00,27.26412981494,-87.26700725677
CARTHE_011,2012-08-18 00:30:00,27.26391603045,-87.26839863122
CARTHE_011,2012-08-18 00:45:00,27.26381259967,-87.26987340296
CARTHE_011,2012-08-18 01:00:00,27.26382001568,-87.27145778226
CARTHE_011,2012-08-18 01:15:00,27.26392064361,-87.27316270097
CARTHE_011,2012-08-18 01:30:00,27.2640948794,-87.27499152583
CARTHE_011,2012-08-18 01:45:00,27.26433359148,-87.27694445633
CARTHE_011,2012-08-18 02:00:00,27.26464257849,-87.27901663846
CARTHE_011,2012-08-18 02:15:00,27.26504162688,-87.28119406704
CARTHE_011,2012-08-18 02:30:00,27.26555976316,-87.28345212452
CARTHE_011,2012-08-18 02:45:00,27.26622762571,-87.2857578465
CARTHE_011,2012-08-18 03:00:00,27.26706882101,-87.28807547831
CARTHE_011,2012-08-18 03:15:00,27.26809298519,-87.29037524313
CARTHE_011,2012-08-18 03:30:00,27.2692933323,-87.29264379233
CARTHE_011,2012-08-18 03:45:00,27.27065031762,-87.29489117652
CARTHE_011,2012-08-18 04:00:00,27.27213984615,-87.29714746326
CARTHE_011,2012-08-18 04:15:00,27.27374056772,-87.29944714725
CARTHE_011,2012-08-18 04:30:00,27.27543566589,-87.30180903775
CARTHE_011,2012-08-18 04:45:00,27.27721021964,-87.30422376636
CARTHE_011,2012-08-18 05:00:00,27.27904954842,-87.30665607476
CARTHE_011,2012-08-18 05:15:00,27.28094179206,-87.30905963572
CARTHE_011,2012-08-18 05:30:00,27.28288189244,-87.31139548167
CARTHE_011,2012-08-18 05:45:00,27.28487154468,-87.31364483177
CARTHE_011,2012-08-18 06:00:00,27.28691291668,-87.31581193542
CARTHE_011,2012-08-18 06:15:00,27.28899975869,-87.31791786218
CARTHE_011,2012-08-18 06:30:00,27.29111228694,-87.31998869311
CARTHE_011,2012-08-18 06:45:00,27.29322052241,-87.32204310459
CARTHE_011,2012-08-18 07:00:00,27.2952950578,-87.32408544608
CARTHE_011,2012-08-18 07:15:00,27.29731791128,-87.32610806784
CARTHE_011,2012-08-18 07:30:00,27.29928592407,-87.32810071812
CARTHE_011,2012-08-18 07:45:00,27.30120601714,-87.33005948311
CARTHE_011,2012-08-18 08:00:00,27.30308860733,-87.33198826242
CARTHE_011,2012-08-18 08:15:00,27.30494505614,-87.33389274919
CARTHE_011,2012-08-18 08:30:00,27.30678859872,-87.33577361261
CARTHE_011,2012-08-18 08:45:00,27.30863459896,-87.33762511912
CARTHE_011,2012-08-18 09:00:00,27.31049903564,-87.33943988651
CARTHE_011,2012-08-18 09:15:00,27.312396585,-87.34121625934
CARTHE_011,2012-08-18 09:30:00,27.31433846688,-87.34296388169
CARTHE_011,2012-08-18 09:45:00,27.31633035568,-87.34470408741
CARTHE_011,2012-08-18 10:00:00,27.31837224802,-87.34646350069
CARTHE_011,2012-08-18 10:15:00,27.3204612256,-87.34826228561
CARTHE_011,2012-08-18 10:30:00,27.32259571417,-87.35010239012
CARTHE_011,2012-08-18 10:45:00,27.32477893228,-87.35196270296
CARTHE_011,2012-08-18 11:00:00,27.32701899728,-87.35380504997
CARTHE_011,2012-08-18 11:15:00,27.32932360589,-87.35558797261
CARTHE_011,2012-08-18 11:30:00,27.33169075737,-87.35728027516
CARTHE_011,2012-08-18 11:45:00,27.33410284201,-87.35886818117
CARTHE_011,2012-08-18 12:00:00,27.3365314452,-87.36035421407
CARTHE_011,2012-08-18 12:15:00,27.33895075795,-87.3617500464
CARTHE_011,2012-08-18 12:30:00,27.34134909396,-87.36306854069
CARTHE_011,2012-08-18 12:45:00,27.34373034097,-87.3643189606
CARTHE_011,2012-08-18 13:00:00,27.34610596102,-87.36550583112
CARTHE_011,2012-08-18 13:15:00,27.3484844445,-87.36663011832
CARTHE_011,2012-08-18 13:30:00,27.35086541757,-87.36769115732
CARTHE_011,2012-08-18 13:45:00,27.35324103026,-87.36868793851
CARTHE_011,2012-08-18 14:00:00,27.35560171445,-87.36961894367
CARTHE_011,2012-08-18 14:15:00,27.35794149117,-87.37048045065
CARTHE_011,2012-08-18 14:30:00,27.36025993105,-87.37126388879
CARTHE_011,2012-08-18 14:45:00,27.3625599558,-87.37195388958
CARTHE_011,2012-08-18 15:00:00,27.3648423518,-87.37252906759
CARTHE_011,2012-08-18 15:15:00,27.36710007732,-87.3729655111
CARTHE_011,2012-08-18 15:30:00,27.36931655026,-87.37324118119
CARTHE_011,2012-08-18 15:45:00,27.37146991721,-87.37334075165
CARTHE_011,2012-08-18 16:00:00,27.37354067969,-87.37326006839
CARTHE_011,2012-08-18 16:15:00,27.37551703905,-87.37300663497
CARTHE_011,2012-08-18 16:30:00,27.37739379594,-87.3725939047
CARTHE_011,2012-08-18 16:45:00,27.37916579516,-87.37203296018
CARTHE_011,2012-08-18 17:00:00,27.38082119554,-87.37132857449
CARTHE_011,2012-08-18 17:15:00,27.38233972081,-87.37048375572
CARTHE_011,2012-08-18 17:30:00,27.38369779521,-87.36951052415
CARTHE_011,2012-08-18 17:45:00,27.38487839167,-87.36843955358
CARTHE_011,2012-08-18 18:00:00,27.38587967163,-87.36732160483
CARTHE_011,2012-08-18 18:15:00,27.38671565372,-87.36621863757
CARTHE_011,2012-08-18 18:30:00,27.38740759049,-87.36518850346
CARTHE_011,2012-08-18 18:45:00,27.3879719139,-87.3642716401
CARTHE_011,2012-08-18 19:00:00,27.38841185438,-87.36348612704
CARTHE_011,2012-08-18 19:15:00,27.38871608686,-87.3628309388
CARTHE_011,2012-08-18 19:30:00,27.38886370591,-87.36229275244
CARTHE_011,2012-08-18 19:45:00,27.38883266585,-87.36185172357
CARTHE_011,2012-08-18 20:00:00,27.38860832324,-87.36148477197
CARTHE_011,2012-08-18 20:15:00,27.38818902537,-87.36116821526
CARTHE_011,2012-08-18 20:30:00,27.38758652541,-87.3608826189
CARTHE_011,2012-08-18 20:45:00,27.38682085656,-87.36062064122
CARTHE_011,2012-08-18 21:00:00,27.38591245788,-87.36039469629
CARTHE_011,2012-08-18 21:15:00,27.38487732171,-87.36023871637
CARTHE_011,2012-08-18 21:30:00,27.38372984587,-87.36020087578
CARTHE_011,2012-08-18 21:45:00,27.38249101542,-87.36033108917
CARTHE_011,2012-08-18 22:00:00,27.38119282073,-87.36067101707
CARTHE_011,2012-08-18 22:15:00,27.37987200922,-87.36125112834
CARTHE_011,2012-08-18 22:30:00,27.37855638324,-87.36209383243
CARTHE_011,2012-08-18 22:45:00,27.37725512118,-87.36321831862
CARTHE_011,2012-08-18 23:00:00,27.37596282185,-87.36464193216
CARTHE_011,2012-08-18 23:15:00,27.37467560725,-87.36637471391
CARTHE_011,2012-08-18 23:30:00,27.37340616703,-87.36840892601
CARTHE_011,2012-08-18 23:45:00,27.37218450742,-87.3707117705
CARTHE_011,2012-08-19 00:00:00,27.37104287341,-87.37322919978
CARTHE_011,2012-08-19 00:15:00,27.36999544685,-87.37589974322
CARTHE_011,2012-08-19 00:30:00,27.36902667577,-87.37867067579
CARTHE_011,2012-08-19 00:45:00,27.36809583349,-87.38150995084
CARTHE_011,2012-08-19 01:00:00,27.36715519445,-87.38441118558
CARTHE_011,2012-08-19 01:15:00,27.36617235436,-87.38739185816
CARTHE_011,2012-08-19 01:30:00,27.36514692231,-87.39048631025
CARTHE_011,2012-08-19 01:45:00,27.36411525733,-87.39373546953
CARTHE_011,2012-08-19 02:00:00,27.36314058844,-87.39717443435
CARTHE_011,2012-08-19 02:15:00,27.36229110265,-87.40081981856
CARTHE_011,2012-08-19 02:30:00,27.36161532558,-87.40466196699
CARTHE_011,2012-08-19 02:45:00,27.36112666232,-87.40866752002
CARTHE_011,2012-08-19 03:00:00,27.3608039805,-87.41279249317
CARTHE_011,2012-08-19 03:15:00,27.36060514256,-87.41699994391
CARTHE_011,2012-08-19 03:30:00,27.36048417451,-87.42127383112
CARTHE_011,2012-08-19 03:45:00,27.36040542027,-87.42562284822
CARTHE_011,2012-08-19 04:00:00,27.36035288543,-87.43007294252
CARTHE_011,2012-08-19 04:15:00,27.36033327296,-87.4346518967
CARTHE_011,2012-08-19 04:30:00,27.36037006122,-87.43937335179
CARTHE_011,2012-08-19 04:45:00,27.36048969706,-87.44422886263
CARTHE_011,2012-08-19 05:00:00,27.36070842149,-87.44919243306
CARTHE_011,2012-08-19 05:15:00,27.3610315016,-87.45423351218
CARTHE_011,2012-08-19 05:30:00,27.36146726669,-87.45932816224
CARTHE_011,2012-08-19 05:45:00,27.3620427322,-87.46446147435
CARTHE_011,2012-08-19 06:00:00,27.36280478455,-87.46962414814
CARTHE_011,2012-08-19 06:15:00,27.3638042997,-87.4748084348
CARTHE_011,2012-08-19 06:30:00,27.36507468401,-87.48000347666
CARTHE_011,2012-08-19 06:45:00,27.36661882598,-87.48519022376
CARTHE_011,2012-08-19 07:00:00,27.36841015676,-87.49034016967
CARTHE_011,2012-08-19 07:15:00,27.37040436334,-87.4954207678
CARTHE_011,2012-08-19 07:30:00,27.37255383205,-87.50040359328
CARTHE_011,2012-08-19 07:45:00,27.37481768301,-87.50526756243
CARTHE_011,2012-08-19 08:00:00,27.37716510097,-87.50999424543
CARTHE_011,2012-08-19 08:15:00,27.37957324561,-87.51456048695
CARTHE_011,2012-08-19 08:30:00,27.3820219791,-87.51893594485
CARTHE_011,2012-08-19 08:45:00,27.38448890996,-87.52308792209
CARTHE_011,2012-08-19 09:00:00,27.38694878622,-87.52699011976
CARTHE_011,2012-08-19 09:15:00,27.38937917623,-87.5306313009
CARTHE_011,2012-08-19 09:30:00,27.39176951844,-87.53402269778
CARTHE_011,2012-08-19 09:45:00,27.3941264538,-87.53720235333
CARTHE_011,2012-08-19 10:00:00,27.3964702078,-87.54023078236
CARTHE_011,2012-08-19 10:15:00,27.39882440042,-87.54317609506
CARTHE_011,2012-08-19 10:30:00,27.4012063711,-87.54609550558
CARTHE_011,2012-08-19 10:45:00,27.40362268781,-87.54902236902
CARTHE_011,2012-08-19 11:00:00,27.40607027323,-87.5519622643
CARTHE_011,2012-08-19 11:15:00,27.40854126332,-87.55489542485
CARTHE_011,2012-08-19 11:30:00,27.41102846554,-87.55778104568
CARTHE_011,2012-08-19 11:45:00,27.41352786815,-87.56056141904
CARTHE_011,2012-08-19 12:00:00,27.41603613783,-87.56316888961
CARTHE_011,2012-08-19 12:15:00,27.41854565642,-87.56553964682
CARTHE_011,2012-08-19 12:30:00,27.42104289705,-87.56763196546
CARTHE_011,2012-08-19 12:45:00,27.42351202782,-87.56943871887
CARTHE_011,2012-08-19 13:00:00,27.42593971059,-87.57098485904
CARTHE_011,2012-08-19 13:15:00,27.42831598687,-87.57231098279
CARTHE_011,2012-08-19 13:30:00,27.43063029096,-87.57345393688
CARTHE_011,2012-08-19 13:45:00,27.43286652417,-87.57443599158
CARTHE_011,2012-08-19 14:00:00,27.43500214586,-87.57526733271
CARTHE_011,2012-08-19 14:15:00,27.4370137203,-87.57595899608
CARTHE_011,2012-08-19 14:30:00,27.43888778649,-87.57653737909
CARTHE_011,2012-08-19 14:45:00,27.44063073514,-87.57704857832
CARTHE_011,2012-08-19 15:00:00,27.44226812656,-87.57754504725
CARTHE_011,2012-08-19 15:15:00,27.44383217723,-87.57806061391
CARTHE_011,2012-08-19 15:30:00,27.44534841061,-87.57859158266
CARTHE_011,2012-08-19 15:45:00,27.44683166581,-87.57909729142
CARTHE_011,2012-08-19 16:00:00,27.44828989213,-87.57951775776
CARTHE_011,2012-08-19 16:15:00,27.44972655728,-87.57979626438
CARTHE_011,2012-08-19 16:30:00,27.45113678497,-87.57989637745
CARTHE_011,2012-08-19 16:45:00,27.45250172127,-87.57980747456
CARTHE_011,2012-08-19 17:00:00,27.4537884047,-87.57953837383
CARTHE_011,2012-08-19 17:15:00,27.45495685415,-87.57910469306
CARTHE_011,2012-08-19 17:30:00,27.45596925412,-87.57851745167
CARTHE_011,2012-08-19 17:45:00,27.45679552056,-87.57777796322
CARTHE_011,2012-08-19 18:00:00,27.45741586376,-87.57687979879
CARTHE_011,2012-08-19 18:15:00,27.45782375188,-87.57581486454
CARTHE_011,2012-08-19 18:30:00,27.45802772871,-87.57458012593
CARTHE_011,2012-08-19 18:45:00,27.45804819101,-87.57318384695
CARTHE_011,2012-08-19 19:00:00,27.45790964636,-87.57165121871
CARTHE_011,2012-08-19 19:15:00,27.45763252833,-87.57002740055
CARTHE_011,2012-08-19 19:30:00,27.45722837778,-87.56837641731
CARTHE_011,2012-08-19 19:45:00,27.45670019508,-87.56677499946
CARTHE_011,2012-08-19 20:00:00,27.45604570765,-87.56529869174
CARTHE_011,2012-08-19 20:15:00,27.45525812918,-87.56400085905
CARTHE_011,2012-08-19 20:30:00,27.45432213518,-87.56289456696
CARTHE_011,2012-08-19 20:45:00,27.45321026914,-87.56195145782
CARTHE_011,2012-08-19 21:00:00,27.4518871897,-87.56112226982
CARTHE_011,2012-08-19 21:15:00,27.45032218449,-87.56036737361
CARTHE_011,2012-08-19 21:30:00,27.44850282909,-87.55967796108
CARTHE_011,2012-08-19 21:45:00,27.44644266916,-87.55907584063
CARTHE_011,2012-08-19 22:00:00,27.44418064174,-87.55859448904
CARTHE_011,2012-08-19 22:15:00,27.44177345216,-87.55825524271
CARTHE_011,2012-08-19 22:30:00,27.43928244512,-87.55805480998
CARTHE_011,2012-08-19 22:45:00,27.43675592006,-87.55797362775
CARTHE_011,2012-08-19 23:00:00,27.43420947796,-87.55800278467
CARTHE_011,2012-08-19 23:15:00,27.43161143494,-87.55817595877
CARTHE_011,2012-08-19 23:30:00,27.42888357797,-87.55858628054
CARTHE_011,2012-08-19 23:45:00,27.42592426138,-87.55937072229
CARTHE_011,2012-08-20 00:00:00,27.42264977234,-87.56066157335
CARTHE_011,2012-08-20 00:15:00,27.41903547306,-87.56252889875
CARTHE_011,2012-08-20 00:30:00,27.41513235984,-87.56494856214
CARTHE_011,2012-08-20 00:45:00,27.4110480074,-87.56781445143
CARTHE_011,2012-08-20 01:00:00,27.40690488285,-87.57098533853
CARTHE_011,2012-08-20 01:15:00,27.40280071733,-87.57434057674
CARTHE_011,2012-08-20 01:30:00,27.39878814853,-87.5778201744
CARTHE_011,2012-08-20 01:45:00,27.39487713258,-87.58143619578
CARTHE_011,2012-08-20 02:00:00,27.39105307353,-87.58525664195
CARTHE_011,2012-08-20 02:15:00,27.3872979197,-87.58937150215
CARTHE_011,2012-08-20 02:30:00,27.38360286275,-87.59385419792
CARTHE_011,2012-08-20 02:45:00,27.3799685247,-87.59873264815
CARTHE_011,2012-08-20 03:00:00,27.37639754192,-87.60398063983
CARTHE_011,2012-08-20 03:15:00,27.37288976371,-87.60953183628
CARTHE_011,2012-08-20 03:30:00,27.369446325,-87.61530702226
CARTHE_011,2012-08-20 03:45:00,27.36607943739,-87.62123833352
CARTHE_011,2012-08-20 04:00:00,27.36281944118,-87.62727784608
CARTHE_011,2012-08-20 04:15:00,27.35971241997,-87.63338968971
CARTHE_011,2012-08-20 04:30:00,27.35680679337,-87.6395369406
CARTHE_011,2012-08-20 04:45:00,27.35413393104,-87.64567677083
CARTHE_011,2012-08-20 05:00:00,27.35169262769,-87.65176809123
CARTHE_011,2012-08-20 05:15:00,27.34944615688,-87.65778477455
CARTHE_011,2012-08-20 05:30:00,27.34733511327,-87.66372537048
CARTHE_011,2012-08-20 05:45:00,27.34530278764,-87.66961496769
CARTHE_011,2012-08-20 06:00:00,27.34332297127,-87.67549723334
CARTHE_011,2012-08-20 06:15:00,27.34141613491,-87.68141623273
CARTHE_011,2012-08-20 06:30:00,27.3396441421,-87.68739487633
CARTHE_011,2012-08-20 06:45:00,27.33808602533,-87.69342336127
CARTHE_011,2012-08-20 07:00:00,27.33680976043,-87.69946524693
CARTHE_011,2012-08-20 07:15:00,27.33585447454,-87.70547512804
CARTHE_011,2012-08-20 07:30:00,27.33522646971,-87.71141549847
CARTHE_011,2012-08-20 07:45:00,27.33490479225,-87.71726451694
CARTHE_011,2012-08-20 08:00:00,27.33485054831,-87.72301343004
CARTHE_011,2012-08-20 08:15:00,27.33501620688,-87.72865723579
CARTHE_011,2012-08-20 08:30:00,27.33535401855,-87.7341831418
CARTHE_011,2012-08-20 08:45:00,27.3358237095,-87.73956117828
CARTHE_011,2012-08-20 09:00:00,27.33639865328,-87.74474310966
CARTHE_011,2012-08-20 09:15:00,27.33706782369,-87.74967246465
CARTHE_011,2012-08-20 09:30:00,27.33783109999,-87.75429956989
CARTHE_011,2012-08-20 09:45:00,27.33868956772,-87.75859355625
CARTHE_011,2012-08-20 10:00:00,27.33963670422,-87.76254765696
CARTHE_011,2012-08-20 10:15:00,27.34065666583,-87.76617616946
CARTHE_011,2012-08-20 10:30:00,27.34173024458,-87.76950448643
CARTHE_011,2012-08-20 10:45:00,27.3428436532,-87.77255802079
CARTHE_011,2012-08-20 11:00:00,27.34399513392,-87.77535566552
CARTHE_011,2012-08-20 11:15:00,27.34519573173,-87.77790996029
CARTHE_011,2012-08-20 11:30:00,27.34646324104,-87.7802326437
CARTHE_011,2012-08-20 11:45:00,27.34781251541,-87.78234069162
CARTHE_011,2012-08-20 12:00:00,27.34924669146,-87.78425768252
CARTHE_011,2012-08-20 12:15:00,27.35075344207,-87.78600835308
CARTHE_011,2012-08-20 12:30:00,27.35230862425,-87.78760980349
CARTHE_011,2012-08-20 12:45:00,27.35388546637,-87.78906737602
CARTHE_011,2012-08-20 13:00:00,27.35546324889,-87.79037804247
CARTHE_011,2012-08-20 13:15:00,27.3570302387,-87.7915357434
CARTHE_011,2012-08-20 13:30:00,27.35858194611,-87.79253426809
CARTHE_011,2012-08-20 13:45:00,27.3601195419,-87.79336743482
CARTHE_011,2012-08-20 14:00:00,27.36164906726,-87.79402500692
CARTHE_011,2012-08-20 14:15:00,27.36317752818,-87.79448571002
CARTHE_011,2012-08-20 14:30:00,27.36470481107,-87.79471595999
CARTHE_011,2012-08-20 14:45:00,27.36621640478,-87.79468054138
CARTHE_011,2012-08-20 15:00:00,27.36768254105,-87.79435970446
CARTHE_011,2012-08-20 15:15:00,27.36906404099,-87.79375928622
CARTHE_011,2012-08-20 15:30:00,27.37032067548,-87.79290577536
CARTHE_011,2012-08-20 15:45:00,27.37141766697,-87.79183099089
CARTHE_011,2012-08-20 16:00:00,27.37232835891,-87.79055817328
CARTHE_011,2012-08-20 16:15:00,27.37303359232,-87.78909710299
CARTHE_011,2012-08-20 16:30:00,27.3735200923,-87.78744713662
CARTHE_011,2012-08-20 16:45:00,27.37378111358,-87.78560525147
CARTHE_011,2012-08-20 17:00:00,27.37382017185,-87.78357862628
CARTHE_011,2012-08-20 17:15:00,27.37365213809,-87.78139594153
CARTHE_011,2012-08-20 17:30:00,27.37329395517,-87.77910744341
CARTHE_011,2012-08-20 17:45:00,27.3727448569,-87.77677147302
CARTHE_011,2012-08-20 18:00:00,27.37196636935,-87.7744345154
CARTHE_011,2012-08-20 18:15:00,27.370876812,-87.77211551146
CARTHE_011,2012-08-20 18:30:00,27.36936850119,-87.76980413345
CARTHE_011,2012-08-20 18:45:00,27.36734053765,-87.7674744778
CARTHE_011,2012-08-20 19:00:00,27.36472895074,-87.76510506048
CARTHE_011,2012-08-20 19:15:00,27.36151936299,-87.76269349045
CARTHE_011,2012-08-20 19:30:00,27.35774009227,-87.76026014674
CARTHE_011,2012-08-20 19:45:00,27.3534440784,-87.75784253416
CARTHE_011,2012-08-20 20:00:00,27.34869054952,-87.75548573432
CARTHE_011,2012-08-20 20:15:00,27.34353353979,-87.75323402837
CARTHE_011,2012-08-20 20:30:00,27.33801861366,-87.75112632482
CARTHE_011,2012-08-20 20:45:00,27.3321849862,-87.74919560435
CARTHE_011,2012-08-20 21:00:00,27.32606902056,-87.74747126388
CARTHE_011,2012-08-20 21:15:00,27.3197063365,-87.74598292106
CARTHE_011,2012-08-20 21:30:00,27.31313207341,-87.74476426696
CARTHE_011,2012-08-20 21:45:00,27.30638077577,-87.74385541266
CARTHE_011,2012-08-20 22:00:00,27.29948792963,-87.74330194399
CARTHE_011,2012-08-20 22:15:00,27.29249407574,-87.74314921982
CARTHE_011,2012-08-20 22:30:00,27.28545012439,-87.74343200095
CARTHE_011,2012-08-20 22:45:00,27.27842023475,-87.74416222661
CARTHE_011,2012-08-20 23:00:00,27.27147810813,-87.74532032923
CARTHE_011,2012-08-20 23:15:00,27.26469514861,-87.7468555857
CARTHE_011,2012-08-20 23:30:00,27.25812429219,-87.74869702627
CARTHE_011,2012-08-20 23:45:00,27.25178803519,-87.7507700307
CARTHE_011,2012-08-21 00:00:00,27.24567824151,-87.75301024832
CARTHE_011,2012-08-21 00:15:00,27.23976755411,-87.75536965339
CARTHE_011,2012-08-21 00:30:00,27.23402454253,-87.75781630006
CARTHE_011,2012-08-21 00:45:00,27.22842461526,-87.76033245634
CARTHE_011,2012-08-21 01:00:00,27.22295390102,-87.76291281029
CARTHE_011,2012-08-21 01:15:00,27.21760769019,-87.76556134784
CARTHE_011,2012-08-21 01:30:00,27.21238672197,-87.76828704504
CARTHE_011,2012-08-21 01:45:00,27.20729321228,-87.77110216624
CARTHE_011,2012-08-21 02:00:00,27.20232724989,-87.77402705126
CARTHE_011,2012-08-21 02:15:00,27.19748591088,-87.77709883391
CARTHE_011,2012-08-21 02:30:00,27.19276799492,-87.78037381995
CARTHE_011,2012-08-21 02:45:00,27.18818260205,-87.78391463561
CARTHE_011,2012-08-21 03:00:00,27.18375426973,-87.78776511973
CARTHE_011,2012-08-21 03:15:00,27.17951780369,-87.79192599187
CARTHE_011,2012-08-21 03:30:00,27.17550425403,-87.79634424171
CARTHE_011,2012-08-21 03:45:00,27.17172781155,-87.80092240889
CARTHE_011,2012-08-21 04:00:00,27.16818279405,-87.80554599341
CARTHE_011,2012-08-21 04:15:00,27.1648523292,-87.81011921351
CARTHE_011,2012-08-21 04:30:00,27.16172208781,-87.81459208607
CARTHE_011,2012-08-21 04:45:00,27.15878914823,-87.81896301792
CARTHE_011,2012-08-21 05:00:00,27.15606103073,-87.82325514265
CARTHE_011,2012-08-21 05:15:00,27.15354802191,-87.82748299779
CARTHE_011,2012-08-21 05:30:00,27.15125446956,-87.83163400161
CARTHE_011,2012-08-21 05:45:00,27.14917266547,-87.83567689408
CARTHE_011,2012-08-21 06:00:00,27.14728127262,-87.83958586041
CARTHE_011,2012-08-21 06:15:00,27.14554988917,-87.84335856115
CARTHE_011,2012-08-21 06:30:00,27.1439494443,-87.84701571259
CARTHE_011,2012-08-21 06:45:00,27.14246369099,-87.85058384745
CARTHE_011,2012-08-21 07:00:00,27.141094891,-87.85407179411
CARTHE_011,2012-08-21 07:15:00,27.13985933837,-87.85745592189
CARTHE_011,2012-08-21 07:30:00,27.13877335329,-87.86068572942
CARTHE_011,2012-08-21 07:45:00,27.1378361984,-87.86370737464
CARTHE_011,2012-08-21 08:00:00,27.13701924096,-87.8664886644
CARTHE_011,2012-08-21 08:15:00,27.13626839676,-87.86902924016
CARTHE_011,2012-08-21 08:30:00,27.13552051693,-87.87135395111
CARTHE_011,2012-08-21 08:45:00,27.13472717305,-87.87349885262
CARTHE_011,2012-08-21 09:00:00,27.13387519053,-87.87549802951
CARTHE_011,2012-08-21 09:15:00,27.13299328493,-87.87737384675
CARTHE_011,2012-08-21 09:30:00,27.13214044244,-87.8791311299
CARTHE_011,2012-08-21 09:45:00,27.13138172025,-87.88075471543
CARTHE_011,2012-08-21 10:00:00,27.13076330642,-87.88220942717
CARTHE_011,2012-08-21 10:15:00,27.13029764118,-87.88344433861
CARTHE_011,2012-08-21 10:30:00,27.12996340476,-87.88440359362
CARTHE_011,2012-08-21 10:45:00,27.12971785451,-87.88504119878
CARTHE_011,2012-08-21 11:00:00,27.12951378752,-87.88533345182
CARTHE_011,2012-08-21 11:15:00,27.12931286082,-87.88528404146
CARTHE_011,2012-08-21 11:30:00,27.12909080394,-87.88492022812
CARTHE_011,2012-08-21 11:45:00,27.12883505316,-87.88427995485
CARTHE_011,2012-08-21 12:00:00,27.12853868941,-87.88339277659
CARTHE_011,2012-08-21 12:15:00,27.12819479271,-87.88226411803
CARTHE_011,2012-08-21 12:30:00,27.12779337881,-87.88087460025
CARTHE_011,2012-08-21 12:45:00,27.12732105561,-87.87919741984
CARTHE_011,2012-08-21 13:00:00,27.12676260418,-87.87722364728
CARTHE_011,2012-08-21 13:15:00,27.1261035546,-87.87498002659
CARTHE_011,2012-08-21 13:30:00,27.12533302741,-87.87252961204
CARTHE_011,2012-08-21 13:45:00,27.12444540117,-87.86995523497
CARTHE_011,2012-08-21 14:00:00,27.1234378146,-87.86733213769
CARTHE_011,2012-08-21 14:15:00,27.12230183802,-87.86469876565
CARTHE_011,2012-08-21 14:30:00,27.12101109429,-87.86203557161
CARTHE_011,2012-08-21 14:45:00,27.11950977226,-87.85926117708
CARTHE_011,2012-08-21 15:00:00,27.11771140493,-87.85625228375
CARTHE_011,2012-08-21 15:15:00,27.11551844326,-87.85288737991
CARTHE_011,2012-08-21 15:30:00,27.11286284114,-87.84910378994
CARTHE_011,2012-08-21 15:45:00,27.10974973451,-87.84494418133
CARTHE_011,2012-08-21 16:00:00,27.10627620276,-87.84056311022
CARTHE_011,2012-08-21 16:15:00,27.10260846986,-87.8361807378
CARTHE_011,2012-08-21 16:30:00,27.09892778596,-87.83200330691
CARTHE_011,2012-08-21 16:45:00,27.09537430107,-87.82815161897
CARTHE_011,2012-08-21 17:00:00,27.09201537582,-87.82463384391
CARTHE_011,2012-08-21 17:15:00,27.08884679421,-87.82137281244
CARTHE_011,2012-08-21 17:30:00,27.08581723513,-87.81826843247
CARTHE_011,2012-08-21 17:45:00,27.08285785677,-87.81525829778
CARTHE_011,2012-08-21 18:00:00,27.07990274438,-87.81234360435
CARTHE_011,2012-08-21 18:15:00,27.07689693239,-87.80957169067
CARTHE_011,2012-08-21 18:30:00,27.073797068,-87.80699288205
CARTHE_011,2012-08-21 18:45:00,27.07057089868,-87.80462157279
CARTHE_011,2012-08-21 19:00:00,27.06719762359,-87.80242321012
CARTHE_011,2012-08-21 19:15:00,27.06366842846,-87.80032833002
CARTHE_011,2012-08-21 19:30:00,27.05998674948,-87.79826018209
CARTHE_011,2012-08-21 19:45:00,27.0561671115,-87.79615967326
CARTHE_011,2012-08-21 20:00:00,27.05223141441,-87.79399746684
CARTHE_011,2012-08-21 20:15:00,27.04820332358,-87.7917726333
CARTHE_011,2012-08-21 20:30:00,27.04410306006,-87.78950393626
CARTHE_011,2012-08-21 20:45:00,27.03994424255,-87.78722125071
CARTHE_011,2012-08-21 21:00:00,27.03573244432,-87.78496150692
CARTHE_011,2012-08-21 21:15:00,27.03146516785,-87.78276786009
CARTHE_011,2012-08-21 21:30:00,27.02713404395,-87.78068871736
CARTHE_011,2012-08-21 21:45:00,27.02272933276,-87.77877534773
CARTHE_011,2012-08-21 22:00:00,27.01824475962,-87.77707623991
CARTHE_011,2012-08-21 22:15:00,27.0136803663,-87.77562718974
CARTHE_011,2012-08-21 22:30:00,27.00904189465,-87.77444131692
CARTHE_011,2012-08-21 22:45:00,27.00433800203,-87.7735064062
CARTHE_011,2012-08-21 23:00:00,26.99957960306,-87.77279312435
CARTHE_011,2012-08-21 23:15:00,26.99478267761,-87.77227093983
CARTHE_011,2012-08-21 23:30:00,26.98997037015,-87.77192402457
CARTHE_011,2012-08-21 23:45:00,26.9851697302,-87.77175784956
CARTHE_011,2012-08-22 00:00:00,26.98040356423,-87.77179115654
CARTHE_011,2012-08-22 00:15:00,26.97568386404,-87.77203710237
CARTHE_011,2012-08-22 00:30:00,26.97101416829,-87.77248612392
CARTHE_011,2012-08-22 00:45:00,26.96640093225,-87.7731037122
CARTHE_011,2012-08-22 01:00:00,26.96186394689,-87.77384589933
CARTHE_011,2012-08-22 01:15:00,26.95743531853,-87.77468151059
CARTHE_011,2012-08-22 01:30:00,26.95314638411,-87.77560525996
CARTHE_011,2012-08-22 01:45:00,26.94901204531,-87.77663260662
CARTHE_011,2012-08-22 02:00:00,26.94502410738,-87.77778021425
CARTHE_011,2012-08-22 02:15:00,26.94115828803,-87.77904621317
CARTHE_011,2012-08-22 02:30:00,26.93739001417,-87.78040396182
CARTHE_011,2012-08-22 02:45:00,26.93370872754,-87.78181152949
CARTHE_011,2012-08-22 03:00:00,26.93012188739,-87.78322711224
CARTHE_011,2012-08-22 03:15:00,26.92664773342,-87.78461960579
CARTHE_011,2012-08-22 03:30:00,26.92330483049,-87.78597144861
CARTHE_011,2012-08-22 03:45:00,26.92010669112,-87.78727696166
CARTHE_011,2012-08-22 04:00:00,26.91706085604,-87.78853962819
CARTHE_011,2012-08-22 04:15:00,26.91416709168,-87.78976928882
CARTHE_011,2012-08-22 04:30:00,26.91141454246,-87.79097819916
CARTHE_011,2012-08-22 04:45:00,26.90878291713,-87.79217592651
CARTHE_011,2012-08-22 05:00:00,26.90625081094,-87.79336477177
CARTHE_011,2012-08-22 05:15:00,26.90380796805,-87.79453663924
CARTHE_011,2012-08-22 05:30:00,26.90146340481,-87.7956719839
CARTHE_011,2012-08-22 05:45:00,26.89924226863,-87.79674317
CARTHE_011,2012-08-22 06:00:00,26.89717144233,-87.79772431224
CARTHE_011,2012-08-22 06:15:00,26.89526193606,-87.79860407201
CARTHE_011,2012-08-22 06:30:00,26.89349898182,-87.79939281047
CARTHE_011,2012-08-22 06:45:00,26.89184647473,-87.80011804189
CARTHE_011,2012-08-22 07:00:00,26.89026327202,-87.80081039708
CARTHE_011,2012-08-22 07:15:00,26.88872071347,-87.80148835262
CARTHE_011,2012-08-22 07:30:00,26.88721082507,-87.80215054588
CARTHE_011,2012-08-22 07:45:00,26.88574244743,-87.8027797741
CARTHE_011,2012-08-22 08:00:00,26.8843303735,-87.80335345279
CARTHE_011,2012-08-22 08:15:00,26.88298568697,-87.80385138734
CARTHE_011,2012-08-22 08:30:00,26.88171325603,-87.80425921922
CARTHE_011,2012-08-22 08:45:00,26.88051594211,-87.8045720381
CARTHE_011,2012-08-22 09:00:00,26.8794000256,-87.80479823412
CARTHE_011,2012-08-22 09:15:00,26.8783760851,-87.80495797775
CARTHE_011,2012-08-22 09:30:00,26.8774530068,-87.80507449634
CARTHE_011,2012-08-22 09:45:00,26.87662926377,-87.80516418818
CARTHE_011,2012-08-22 10:00:00,26.87589020483,-87.805231306
CARTHE_011,2012-08-22 10:15:00,26.87521583964,-87.80526628943
CARTHE_011,2012-08-22 10:30:00,26.87459327607,-87.80524449929
CARTHE_011,2012-08-22 10:45:00,26.87402279496,-87.80512597596
CARTHE_011,2012-08-22 11:00:00,26.8735128203,-87.80485914508
CARTHE_011,2012-08-22 11:15:00,26.8730690194,-87.80438903533
CARTHE_011,2012-08-22 11:30:00,26.87268633508,-87.8036686278
CARTHE_011,2012-08-22 11:45:00,26.87234896333,-87.80267138659
CARTHE_011,2012-08-22 12:00:00,26.87203681395,-87.80140077842
CARTHE_011,2012-08-22 12:15:00,26.87173269702,-87.799890574
CARTHE_011,2012-08-22 12:30:00,26.87142564339,-87.79819287259
CARTHE_011,2012-08-22 12:45:00,26.87110938626,-87.79635791525
CARTHE_011,2012-08-22 13:00:00,26.87077603944,-87.79441347305
CARTHE_011,2012-08-22 13:15:00,26.87040528433,-87.79235124287
CARTHE_011,2012-08-22 13:30:00,26.86995362268,-87.79012590085
CARTHE_011,2012-08-22 13:45:00,26.86935384342,-87.78766873737
CARTHE_011,2012-08-22 14:00:00,26.86853425477,-87.78491293019
CARTHE_011,2012-08-22 14:15:00,26.86745622357,-87.78182289174
CARTHE_011,2012-08-22 14:30:00,26.86614982639,-87.77841629038
CARTHE_011,2012-08-22 14:45:00,26.86471619851,-87.77476945649
CARTHE_011,2012-08-22 15:00:00,26.86328175365,-87.77100301781
CARTHE_011,2012-08-22 15:15:00,26.86192930329,-87.76724840551
CARTHE_011,2012-08-22 15:30:00,26.86065575769,-87.76360202052
CARTHE_011,2012-08-22 15:45:00,26.8593851823,-87.76008862632
CARTHE_011,2012-08-22 16:00:00,26.85802020896,-87.75666062157
CARTHE_011,2012-08-22 16:15:00,26.85649212974,-87.75323481458
CARTHE_011,2012-08-22 16:30:00,26.85478309532,-87.74973896964
CARTHE_011,2012-08-22 16:45:00,26.85291859692,-87.74613924042
CARTHE_011,2012-08-22 17:00:00,26.85094357716,-87.74243868283
CARTHE_011,2012-08-22 17:15:00,26.8488972327,-87.7386556548
CARTHE_011,2012-08-22 17:30:00,26.84679685185,-87.73480062554
CARTHE_011,2012-08-22 17:45:00,26.84463508903,-87.73086788669
CARTHE_011,2012-08-22 18:00:00,26.84238890993,-87.72684576262
CARTHE_011,2012-08-22 18:15:00,26.84003295046,-87.7227342548
CARTHE_011,2012-08-22 18:30:00,26.837549147,-87.71855597041
CARTHE_011,2012-08-22 18:45:00,26.83492931673,-87.71435474542
CARTHE_011,2012-08-22 19:00:00,26.83217330419,-87.71018463636
CARTHE_011,2012-08-22 19:15:00,26.82928710252,-87.70609532497
CARTHE_011,2012-08-22 19:30:00,26.8262820079,-87.70212089237
CARTHE_011,2012-08-22 19:45:00,26.82317344901,-87.69827746006
CARTHE_011,2012-08-22 20:00:00,26.81997912831,-87.6945690743
CARTHE_011,2012-08-22 20:15:00,26.81671603142,-87.69099481415
CARTHE_011,2012-08-22 20:30:00,26.81339643123,-87.68755271513
CARTHE_011,2012-08-22 20:45:00,26.81002738966,-87.68424410937
CARTHE_011,2012-08-22 21:00:00,26.80661863049,-87.68108203549
CARTHE_011,2012-08-22 21:15:00,26.80319572956,-87.67809961696
CARTHE_011,2012-08-22 21:30:00,26.7998085337,-87.67535026233
CARTHE_011,2012-08-22 21:45:00,26.79652700646,-87.67289497838
CARTHE_011,2012-08-22 22:00:00,26.79342553197,-87.67077988601
CARTHE_011,2012-08-22 22:15:00,26.79056415825,-87.66901637701
CARTHE_011,2012-08-22 22:30:00,26.78797649398,-87.66757828783
CARTHE_011,2012-08-22 22:45:00,26.78566876541,-87.66641814158
CARTHE_011,2012-08-22 23:00:00,26.78362804672,-87.66548832929
CARTHE_011,2012-08-22 23:15:00,26.78183445738,-87.6647515662
CARTHE_011,2012-08-22 23:30:00,26.78027087394,-87.66417954987
CARTHE_011,2012-08-22 23:45:00,26.77892518216,-87.66374956129
CARTHE_011,2012-08-23 00:00:00,26.77778425966,-87.66344504079
CARTHE_011,2012-08-23 00:15:00,26.77682354588,-87.66325731342
CARTHE_011,2012-08-23 00:30:00,26.77599981767,-87.66318236917
CARTHE_011,2012-08-23 00:45:00,26.77525217347,-87.66321063981
CARTHE_011,2012-08-23 01:00:00,26.77450862247,-87.66331453557
CARTHE_011,2012-08-23 01:15:00,26.77369305318,-87.66344350038
CARTHE_011,2012-08-23 01:30:00,26.77273230427,-87.6635350692
CARTHE_011,2012-08-23 01:45:00,26.77156835212,-87.66354054542
CARTHE_011,2012-08-23 02:00:00,26.77017786263,-87.66345168582
CARTHE_011,2012-08-23 02:15:00,26.76859053525,-87.66331019403
CARTHE_011,2012-08-23 02:30:00,26.76689018607,-87.66319152248
CARTHE_011,2012-08-23 02:45:00,26.76519094401,-87.66317238274
CARTHE_011,2012-08-23 03:00:00,26.76359978025,-87.66330120538
CARTHE_011,2012-08-23 03:15:00,26.76218565302,-87.66358442989
CARTHE_011,2012-08-23 03:30:00,26.76096812632,-87.66399006378
CARTHE_011,2012-08-23 03:45:00,26.759925627,-87.66446408598
CARTHE_011,2012-08-23 04:00:00,26.75901568119,-87.66495201985
CARTHE_011,2012-08-23 04:15:00,26.75819714418,-87.66541602247
CARTHE_011,2012-08-23 04:30:00,26.75744651806,-87.66584112592
CARTHE_011,2012-08-23 04:45:00,26.75676416794,-87.66623236953
CARTHE_011,2012-08-23 05:00:00,26.75616930032,-87.66660789453
CARTHE_011,2012-08-23 05:15:00,26.75568645746,-87.66698973246
CARTHE_011,2012-08-23 05:30:00,26.75533023561,-87.66739433067
CARTHE_011,2012-08-23 05:45:00,26.7550960076,-87.66782819267
CARTHE_011,2012-08-23 06:00:00,26.75496085016,-87.66829017508
CARTHE_011,2012-08-23 06:15:00,26.75489254206,-87.6687747027
CARTHE_011,2012-08-23 06:30:00,26.75486044699,-87.6692704899
CARTHE_011,2012-08-23 06:45:00,26.75484273122,-87.6697564809
CARTHE_011,2012-08-23 07:00:00,26.75482716631,-87.6701998014
CARTHE_011,2012-08-23 07:15:00,26.75480611922,-87.67055807842
CARTHE_011,2012-08-23 07:30:00,26.75476990907,-87.67078659926
CARTHE_011,2012-08-23 07:45:00,26.75470463348,-87.67084870216
CARTHE_011,2012-08-23 08:00:00,26.75459745518,-87.67072445921
CARTHE_011,2012-08-23 08:15:00,26.75444526828,-87.67041251967
CARTHE_011,2012-08-23 08:30:00,26.75425850563,-87.66992429474
CARTHE_011,2012-08-23 08:45:00,26.75405641614,-87.66927462944
CARTHE_011,2012-08-23 09:00:00,26.75385809721,-87.66847519968
CARTHE_011,2012-08-23 09:15:00,26.75367571606,-87.66753373638
CARTHE_011,2012-08-23 09:30:00,26.75351198126,-87.66645742133
CARTHE_011,2012-08-23 09:45:00,26.75336070407,-87.66525659861
CARTHE_011,2012-08-23 10:00:00,26.75320996683,-87.66394516006
CARTHE_011,2012-08-23 10:15:00,26.75304688492,-87.6625372683
CARTHE_011,2012-08-23 10:30:00,26.75286181337,-87.66104391025
CARTHE_011,2012-08-23 10:45:00,26.75265086222,-87.65947236323
CARTHE_011,2012-08-23 11:00:00,26.75241670301,-87.65782771366
CARTHE_011,2012-08-23 11:15:00,26.75216782218,-87.65611368337
CARTHE_011,2012-08-23 11:30:00,26.75191600974,-87.65433215218
CARTHE_011,2012-08-23 11:45:00,26.7516723947,-87.65248322558
CARTHE_011,2012-08-23 12:00:00,26.75144416281,-87.65056808737
CARTHE_011,2012-08-23 12:15:00,26.75123450968,-87.64859399241
CARTHE_011,2012-08-23 12:30:00,26.75104666498,-87.64657690669
CARTHE_011,2012-08-23 12:45:00,26.75089002513,-87.64453770101
CARTHE_011,2012-08-23 13:00:00,26.75078397343,-87.64249226189
CARTHE_011,2012-08-23 13:15:00,26.75075529518,-87.64044114084
CARTHE_011,2012-08-23 13:30:00,26.75082848587,-87.63836613367
CARTHE_011,2012-08-23 13:45:00,26.75101291723,-87.63623704342
CARTHE_011,2012-08-23 14:00:00,26.75129390404,-87.63402489331
CARTHE_011,2012-08-23 14:15:00,26.7516331728,-87.63171418704
CARTHE_011,2012-08-23 14:30:00,26.75197966892,-87.6293084335
CARTHE_011,2012-08-23 14:45:00,26.75228650139,-87.62682654202
CARTHE_011,2012-08-23 15:00:00,26.75252567004,-87.62429103623
CARTHE_011,2012-08-23 15:15:00,26.75269247946,-87.62171421985
CARTHE_011,2012-08-23 15:30:00,26.75279826428,-87.61909170102
CARTHE_011,2012-08-23 15:45:00,26.75285871227,-87.61640866767
CARTHE_011,2012-08-23 16:00:00,26.75288601099,-87.61365485149
CARTHE_011,2012-08-23 16:15:00,26.75288671761,-87.61083748759
CARTHE_011,2012-08-23 16:30:00,26.75286282404,-87.607983855
CARTHE_011,2012-08-23 16:45:00,26.7528139681,-87.60513320273
CARTHE_011,2012-08-23 17:00:00,26.75273993563,-87.60232355906
CARTHE_011,2012-08-23 17:15:00,26.75264245983,-87.59957958782
CARTHE_011,2012-08-23 17:30:00,26.75252586828,-87.59690626855
CARTHE_011,2012-08-23 17:45:00,26.75239776293,-87.59429087669
CARTHE_011,2012-08-23 18:00:00,26.75226978694,-87.5917118129
CARTHE_011,2012-08-23 18:15:00,26.7521565443,-87.58914935512
CARTHE_011,2012-08-23 18:30:00,26.75207192259,-87.5865929927
CARTHE_011,2012-08-23 18:45:00,26.75202403955,-87.584042051
CARTHE_011,2012-08-23 19:00:00,26.75201020551,-87.58150052415
CARTHE_011,2012-08-23 19:15:00,26.75201293407,-87.57897084111
CARTHE_011,2012-08-23 19:30:00,26.75199949747,-87.57645063621
CARTHE_011,2012-08-23 19:45:00,26.75192896489,-87.57393370744
CARTHE_011,2012-08-23 20:00:00,26.75176697963,-87.57141515033
CARTHE_011,2012-08-23 20:15:00,26.75150088731,-87.56889918564
CARTHE_011,2012-08-23 20:30:00,26.75114510432,-87.56640521131
CARTHE_011,2012-08-23 20:45:00,26.75073300227,-87.56396673687
CARTHE_011,2012-08-23 21:00:00,26.75030111486,-87.56162204671
CARTHE_011,2012-08-23 21:15:00,26.7498764623,-87.55940107741
CARTHE_011,2012-08-23 21:30:00,26.74947382412,-87.55731518216
CARTHE_011,2012-08-23 21:45:00,26.74910007351,-87.55535393896
CARTHE_011,2012-08-23 22:00:00,26.74875793398,-87.55348889713
CARTHE_011,2012-08-23 22:15:00,26.74844531624,-87.55168247327
CARTHE_011,2012-08-23 22:30:00,26.74815218469,-87.54989977543
CARTHE_011,2012-08-23 22:45:00,26.74785888317,-87.54811964872
CARTHE_011,2012-08-23 23:00:00,26.74753811307,-87.54634081082
CARTHE_011,2012-08-23 23:15:00,26.74716119914,-87.54458071585
CARTHE_011,2012-08-23 23:30:00,26.74670697281,-87.54286774584
CARTHE_011,2012-08-23 23:45:00,26.7461685379,-87.54122953443
CARTHE_011,2012-08-24 00:00:00,26.74555351611,-87.53968180798
CARTHE_011,2012-08-24 00:15:00,26.74487685529,-87.53822299596
CARTHE_011,2012-08-24 00:30:00,26.74415102094,-87.53683750579
CARTHE_011,2012-08-24 00:45:00,26.74338144769,-87.53550510188
CARTHE_011,2012-08-24 01:00:00,26.7425697722,-87.5342102751
CARTHE_011,2012-08-24 01:15:00,26.7417198891,-87.5329474252
CARTHE_011,2012-08-24 01:30:00,26.74084000494,-87.53172218267
CARTHE_011,2012-08-24 01:45:00,26.73993900399,-87.53055121662
CARTHE_011,2012-08-24 02:00:00,26.7390224934,-87.52946060886
CARTHE_011,2012-08-24 02:15:00,26.73809468263,-87.52848114741
CARTHE_011,2012-08-24 02:30:00,26.73716621612,-87.52764076721
CARTHE_011,2012-08-24 02:45:00,26.73626126913,-87.52695609065
CARTHE_011,2012-08-24 03:00:00,26.73541634034,-87.52642509945
CARTHE_011,2012-08-24 03:15:00,26.73466982549,-87.52602428377
CARTHE_011,2012-08-24 03:30:00,26.73404916095,-87.52571416641
CARTHE_011,2012-08-24 03:45:00,26.73356307652,-87.52545179247
CARTHE_011,2012-08-24 04:00:00,26.73320215758,-87.52520256671
CARTHE_011,2012-08-24 04:15:00,26.73294660182,-87.52494472862
CARTHE_011,2012-08-24 04:30:00,26.73277661851,-87.52466586327
CARTHE_011,2012-08-24 04:45:00,26.73268030671,-87.52435597471
CARTHE_011,2012-08-24 05:00:00,26.73265550683,-87.52400276945
CARTHE_011,2012-08-24 05:15:00,26.73270472791,-87.52359224584
CARTHE_011,2012-08-24 05:30:00,26.7328271497,-87.52311259205
CARTHE_011,2012-08-24 05:45:00,26.7330144709,-87.52255661476
CARTHE_011,2012-08-24 06:00:00,26.73325379365,-87.52192050157
CARTHE_011,2012-08-24 06:15:00,26.73353461941,-87.52120127678
CARTHE_011,2012-08-24 06:30:00,26.73385436029,-87.52039674393
CARTHE_011,2012-08-24 06:45:00,26.73421934258,-87.51950842249
CARTHE_011,2012-08-24 07:00:00,26.73464169517,-87.51854531745
CARTHE_011,2012-08-24 07:15:00,26.73513289972,-87.51752612595
CARTHE_011,2012-08-24 07:30:00,26.73569639339,-87.51647766338
CARTHE_011,2012-08-24 07:45:00,26.73632439426,-87.51542797753
CARTHE_011,2012-08-24 08:00:00,26.73700110821,-87.51439556481
CARTHE_011,2012-08-24 08:15:00,26.73770825829,-87.51338073514
CARTHE_011,2012-08-24 08:30:00,26.73842801552,-87.51236547629
CARTHE_011,2012-08-24 08:45:00,26.73914323701,-87.51132181493
CARTHE_011,2012-08-24 09:00:00,26.73983873248,-87.51022223438
CARTHE_011,2012-08-24 09:15:00,26.74050389463,-87.50904529618
CARTHE_011,2012-08-24 09:30:00,26.74113307961,-87.507775659
CARTHE_011,2012-08-24 09:45:00,26.74172313794,-87.50640420527
CARTHE_011,2012-08-24 10:00:00,26.74227132003,-87.50493274834
CARTHE_011,2012-08-24 10:15:00,26.74277486342,-87.5033795666
CARTHE_011,2012-08-24 10:30:00,26.74322977755,-87.50177813262
CARTHE_011,2012-08-24 10:45:00,26.74362761454,-87.50016682086
CARTHE_011,2012-08-24 11:00:00,26.74395344358,-87.49857545912
CARTHE_011,2012-08-24 11:15:00,26.74418942084,-87.49701672192
CARTHE_011,2012-08-24 11:30:00,26.74432385704,-87.49548619085
CARTHE_011,2012-08-24 11:45:00,26.74436015504,-87.49396959061
CARTHE_011,2012-08-24 12:00:00,26.74431960691,-87.49245185151
CARTHE_011,2012-08-24 12:15:00,26.74423655722,-87.49092266453
CARTHE_011,2012-08-24 12:30:00,26.74414903715,-87.48937727381
CARTHE_011,2012-08-24 12:45:00,26.74408984752,-87.48781467837
CARTHE_011,2012-08-24 13:00:00,26.74408090712,-87.48623562326
CARTHE_011,2012-08-24 13:15:00,26.74413067926,-87.48464058709
CARTHE_011,2012-08-24 13:30:00,26.74423537938,-87.48302703202
CARTHE_011,2012-08-24 13:45:00,26.74438428321,-87.48138697724
CARTHE_011,2012-08-24 14:00:00,26.74456574612,-87.47970758916
CARTHE_011,2012-08-24 14:15:00,26.74477003382,-87.4779761115
CARTHE_011,2012-08-24 14:30:00,26.74498915361,-87.47618666112
CARTHE_011,2012-08-24 14:45:00,26.74521731028,-87.47434481037
CARTHE_011,2012-08-24 15:00:00,26.74545346041,-87.47246888357
CARTHE_011,2012-08-24 15:15:00,26.74570200022,-87.47058982503
CARTHE_011,2012-08-24 15:30:00,26.74596753082,-87.46874981793
CARTHE_011,2012-08-24 15:45:00,26.74624580211,-87.4669974051
CARTHE_011,2012-08-24 16:00:00,26.74651732011,-87.46537798648
CARTHE_011,2012-08-24 16:15:00,26.7467494901,-87.46392179281
CARTHE_011,2012-08-24 16:30:00,26.74690891853,-87.46263484418
CARTHE_011,2012-08-24 16:45:00,26.74697871668,-87.46149863436
CARTHE_011,2012-08-24 17:00:00,26.74697083273,-87.4604798974
CARTHE_011,2012-08-24 17:15:00,26.74692581205,-87.4595454801
CARTHE_011,2012-08-24 17:30:00,26.74689993099,-87.45867384126
CARTHE_011,2012-08-24 17:45:00,26.74694674793,-87.457857297
CARTHE_011,2012-08-24 18:00:00,26.74710242904,-87.45709575185
CARTHE_011,2012-08-24 18:15:00,26.74737982321,-87.45638812989
CARTHE_011,2012-08-24 18:30:00,26.74776997987,-87.45572826404
CARTHE_011,2012-08-24 18:45:00,26.74824700683,-87.45510648397
CARTHE_011,2012-08-24 19:00:00,26.7487730381,-87.45451238313
CARTHE_011,2012-08-24 19:15:00,26.74930369583,-87.45393496993
CARTHE_011,2012-08-24 19:30:00,26.74979775525,-87.45336087261
CARTHE_011,2012-08-24 19:45:00,26.75023216924,-87.45277407026
CARTHE_011,2012-08-24 20:00:00,26.75061480211,-87.45215914335
CARTHE_011,2012-08-24 20:15:00,26.75098224498,-87.4515060943
CARTHE_011,2012-08-24 20:30:00,26.75137994779,-87.45081372434
CARTHE_011,2012-08-24 20:45:00,26.75183831483,-87.45009040773
CARTHE_011,2012-08-24 21:00:00,26.75236129317,-87.449352395
CARTHE_011,2012-08-24 21:15:00,26.7529313366,-87.44861997494
CARTHE_011,2012-08-24 21:30:00,26.7535223887,-87.44791287481
CARTHE_011,2012-08-24 21:45:00,26.75411125751,-87.44724703422
CARTHE_011,2012-08-24 22:00:00,26.75468392912,-87.44663264158
CARTHE_011,2012-08-24 22:15:00,26.75523794649,-87.44607160855
CARTHE_011,2012-08-24 22:30:00,26.75578212975,-87.4455552112
CARTHE_011,2012-08-24 22:45:00,26.75633377312,-87.44506518071
CARTHE_011,2012-08-24 23:00:00,26.756913018,-87.44457855038
CARTHE_011,2012-08-24 23:15:00,26.75753516057,-87.44407278198
CARTHE_011,2012-08-24 23:30:00,26.75820369172,-87.44352870171
CARTHE_011,2012-08-24 23:45:00,26.75890666786,-87.44293218403
CARTHE_011,2012-08-25 00:00:00,26.75961717797,-87.44227647904
CARTHE_011,2012-08-25 00:15:00,26.76029800027,-87.44156451004
CARTHE_011,2012-08-25 00:30:00,26.76090909907,-87.44080828836
CARTHE_011,2012-08-25 00:45:00,26.76141476851,-87.44002374709
CARTHE_011,2012-08-25 01:00:00,26.76178820829,-87.43922354169
CARTHE_011,2012-08-25 01:15:00,26.76201475808,-87.43841312273
CARTHE_011,2012-08-25 01:30:00,26.76209522859,-87.43759316589
CARTHE_011,2012-08-25 01:45:00,26.76204638264,-87.4367658847
CARTHE_011,2012-08-25 02:00:00,26.76189512283,-87.43593942698
CARTHE_011,2012-08-25 02:15:00,26.76166864619,-87.43512750171
CARTHE_011,2012-08-25 02:30:00,26.7613863635,-87.43434614895
CARTHE_011,2012-08-25 02:45:00,26.76105763462,-87.43361032567
CARTHE_011,2012-08-25 03:00:00,26.76068512461,-87.43293033293
CARTHE_011,2012-08-25 03:15:00,26.76026875718,-87.43230706808
CARTHE_011,2012-08-25 03:30:00,26.75980517983,-87.43172778667
CARTHE_011,2012-08-25 03:45:00,26.759284076,-87.43116707846
CARTHE_011,2012-08-25 04:00:00,26.7586885983,-87.43059673782
CARTHE_011,2012-08-25 04:15:00,26.75800495224,-87.43000146976
CARTHE_011,2012-08-25 04:30:00,26.75723649433,-87.4293901668
CARTHE_011,2012-08-25 04:45:00,26.7564109826,-87.42879391329
CARTHE_011,2012-08-25 05:00:00,26.75557333564,-87.42825145405
CARTHE_011,2012-08-25 05:15:00,26.75476687519,-87.42779062393
CARTHE_011,2012-08-25 05:30:00,26.75401481227,-87.42741578813
CARTHE_011,2012-08-25 05:45:00,26.75331382862,-87.42710804576
CARTHE_011,2012-08-25 06:00:00,26.75264232831,-87.426837261
CARTHE_011,2012-08-25 06:15:00,26.75197567092,-87.42657785091
CARTHE_011,2012-08-25 06:30:00,26.75129868937,-87.4263191222
CARTHE_011,2012-08-25 06:45:00,26.75061081759,-87.42606604548
CARTHE_011,2012-08-25 07:00:00,26.74992503208,-87.42583258575
CARTHE_011,2012-08-25 07:15:00,26.74926451571,-87.42563210212
CARTHE_011,2012-08-25 07:30:00,26.7486594875,-87.42546866139
CARTHE_011,2012-08-25 07:45:00,26.74814305608,-87.42533207588
CARTHE_011,2012-08-25 08:00:00,26.74774414341,-87.42519788489
CARTHE_011,2012-08-25 08:15:00,26.74747746469,-87.42503191595
CARTHE_011,2012-08-25 08:30:00,26.74733282682,-87.42479892514
CARTHE_011,2012-08-25 08:45:00,26.747269928,-87.42447382106
CARTHE_011,2012-08-25 09:00:00,26.74722474386,-87.42405056842
CARTHE_011,2012-08-25 09:15:00,26.74712717602,-87.42354266327
CARTHE_011,2012-08-25 09:30:00,26.74692352882,-87.42297452478
CARTHE_011,2012-08-25 09:45:00,26.74659382284,-87.42237049284
CARTHE_011,2012-08-25 10:00:00,26.74615390239,-87.42174998023
CARTHE_011,2012-08-25 10:15:00,26.74563987212,-87.42113110567
CARTHE_011,2012-08-25 10:30:00,26.7450842888,-87.42053588907
CARTHE_011,2012-08-25 10:45:00,26.74449957287,-87.4199884161
CARTHE_011,2012-08-25 11:00:00,26.74387837329,-87.41950549564
CARTHE_011,2012-08-25 11:15:00,26.74320754799,-87.41908692662
CARTHE_011,2012-08-25 11:30:00,26.74248269708,-87.41871261652
CARTHE_011,2012-08-25 11:45:00,26.74171237107,-87.41834901233
CARTHE_011,2012-08-25 12:00:00,26.74091198102,-87.4179616523
CARTHE_011,2012-08-25 12:15:00,26.74009477557,-87.41752806485
CARTHE_011,2012-08-25 12:30:00,26.7392664585,-87.41704567491
CARTHE_011,2012-08-25 12:45:00,26.73842666452,-87.41653154154
CARTHE_011,2012-08-25 13:00:00,26.73757621251,-87.41601393313
CARTHE_011,2012-08-25 13:15:00,26.73672415889,-87.41551976969
CARTHE_011,2012-08-25 13:30:00,26.73588892854,-87.41506445106
CARTHE_011,2012-08-25 13:45:00,26.7350936502,-87.41464793868
CARTHE_011,2012-08-25 14:00:00,26.73435886014,-87.41425614296
CARTHE_011,2012-08-25 14:15:00,26.73369574531,-87.41386503763
CARTHE_011,2012-08-25 14:30:00,26.73310264926,-87.41344671779
CARTHE_011,2012-08-25 14:45:00,26.73256642109,-87.41297745848
CARTHE_011,2012-08-25 15:00:00,26.73206847258,-87.41244515135
CARTHE_011,2012-08-25 15:15:00,26.73159294122,-87.4118519716
CARTHE_011,2012-08-25 15:30:00,26.73113275258,-87.41121134942
CARTHE_011,2012-08-25 15:45:00,26.73069133667,-87.41054206766
CARTHE_011,2012-08-25 16:00:00,26.73028078716,-87.40986255396
CARTHE_011,2012-08-25 16:15:00,26.7299186013,-87.40918715827
CARTHE_011,2012-08-25 16:30:00,26.72962425857,-87.40852509462
CARTHE_011,2012-08-25 16:45:00,26.72941535609,-87.40788103482
CARTHE_011,2012-08-25 17:00:00,26.72930336769,-87.40725600781
CARTHE_011,2012-08-25 17:15:00,26.72928923727,-87.40664859775
CARTHE_011,2012-08-25 17:30:00,26.72935977456,-87.40605645679
CARTHE_011,2012-08-25 17:45:00,26.72948859589,-87.40547699271
CARTHE_011,2012-08-25 18:00:00,26.72964520012,-87.40490669714
CARTHE_011,2012-08-25 18:15:00,26.72981049328,-87.40434056025
CARTHE_011,2012-08-25 18:30:00,26.72999079497,-87.40377302712
CARTHE_011,2012-08-25 18:45:00,26.73021965514,-87.40320018494
CARTHE_011,2012-08-25 19:00:00,26.73054258817,-87.40262176337
CARTHE_011,2012-08-25 19:15:00,26.73099125447,-87.40204101137
CARTHE_011,2012-08-25 19:30:00,26.73156033959,-87.40146077098
CARTHE_011,2012-08-25 19:45:00,26.732200009,-87.40087758449
CARTHE_011,2012-08-25 20:00:00,26.73283055957,-87.40027953549
CARTHE_011,2012-08-25 20:15:00,26.73337373807,-87.39965141185
CARTHE_011,2012-08-25 20:30:00,26.73378462866,-87.39898419737
CARTHE_011,2012-08-25 20:45:00,26.73406693482,-87.3982812996
CARTHE_011,2012-08-25 21:00:00,26.73426392863,-87.39755606099
CARTHE_011,2012-08-25 21:15:00,26.73443162092,-87.39682258814
CARTHE_011,2012-08-25 21:30:00,26.73461143699,-87.39608708064
CARTHE_011,2012-08-25 21:45:00,26.73481853295,-87.3953448848
CARTHE_011,2012-08-25 22:00:00,26.73505025441,-87.39458190427
CARTHE_011,2012-08-25 22:15:00,26.73530716214,-87.39377531647
CARTHE_011,2012-08-25 22:30:00,26.73561088616,-87.39289212031
CARTHE_011,2012-08-25 22:45:00,26.73600255631,-87.39188927776
CARTHE_011,2012-08-25 23:00:00,26.73651851538,-87.39072028665
CARTHE_011,2012-08-25 23:15:00,26.73715914594,-87.38934897859
CARTHE_011,2012-08-25 23:30:00,26.7378744151,-87.38776426567
CARTHE_011,2012-08-25 23:45:00,26.73857929773,-87.38598620445
CARTHE_011,2012-08-26 00:00:00,26.73919067967,-87.38405876962
CARTHE_011,2012-08-26 00:15:00,26.73966144968,-87.38203435735
CARTHE_011,2012-08-26 00:30:00,26.739991767,-87.3799589918
CARTHE_011,2012-08-26 00:45:00,26.74021543055,-87.37786350574
CARTHE_011,2012-08-26 01:00:00,26.74037378282,-87.37576084086
CARTHE_011,2012-08-26 01:15:00,26.74049237074,-87.37364876219
CARTHE_011,2012-08-26 01:30:00,26.74057109649,-87.371518924
CARTHE_011,2012-08-26 01:45:00,26.74059013887,-87.36936878429
CARTHE_011,2012-08-26 02:00:00,26.74052316903,-87.36720709569
CARTHE_011,2012-08-26 02:15:00,26.74034575407,-87.36504901785
CARTHE_011,2012-08-26 02:30:00,26.74003566227,-87.36290732878
CARTHE_011,2012-08-26 02:45:00,26.73957238651,-87.36078907388
CARTHE_011,2012-08-26 03:00:00,26.73894307206,-87.35869955369
CARTHE_011,2012-08-26 03:15:00,26.73815283001,-87.3566478008
CARTHE_011,2012-08-26 03:30:00,26.73723042345,-87.35464797999
CARTHE_011,2012-08-26 03:45:00,26.73622214698,-87.35271555722
CARTHE_011,2012-08-26 04:00:00,26.73517640124,-87.35086016875
CARTHE_011,2012-08-26 04:15:00,26.73412916604,-87.34907920535
CARTHE_011,2012-08-26 04:30:00,26.73309853835,-87.3473571484
CARTHE_011,2012-08-26 04:45:00,26.73208887553,-87.34567257852
CARTHE_011,2012-08-26 05:00:00,26.73109852091,-87.34400799619
CARTHE_011,2012-08-26 05:15:00,26.73012418251,-87.34235468635
CARTHE_011,2012-08-26 05:30:00,26.72915933425,-87.34071022407
CARTHE_011,2012-08-26 05:45:00,26.72818990782,-87.3390735978
CARTHE_011,2012-08-26 06:00:00,26.72719477383,-87.33744414284
CARTHE_011,2012-08-26 06:15:00,26.72615540934,-87.3358243356
CARTHE_011,2012-08-26 06:30:00,26.72506998574,-87.33422112811
CARTHE_011,2012-08-26 06:45:00,26.72396033411,-87.33264275115
CARTHE_011,2012-08-26 07:00:00,26.72286331099,-87.33109340598
CARTHE_011,2012-08-26 07:15:00,26.72181044435,-87.32957069448
CARTHE_011,2012-08-26 07:30:00,26.72080933256,-87.32806871558
CARTHE_011,2012-08-26 07:45:00,26.71983889617,-87.32658537683
CARTHE_011,2012-08-26 08:00:00,26.71886024158,-87.32512974535
CARTHE_011,2012-08-26 08:15:00,26.71783332505,-87.32372499373
CARTHE_011,2012-08-26 08:30:00,26.71672831903,-87.32240380179
CARTHE_011,2012-08-26 08:45:00,26.715529534,-87.3211966039
CARTHE_011,2012-08-26 09:00:00,26.71423603621,-87.320118623
CARTHE_011,2012-08-26 09:15:00,26.71286198564,-87.31916324186
CARTHE_011,2012-08-26 09:30:00,26.71143574363,-87.31830434469
CARTHE_011,2012-08-26 09:45:00,26.7099951761,-87.31750497331
CARTHE_011,2012-08-26 10:00:00,26.70857827625,-87.31672794127
CARTHE_011,2012-08-26 10:15:00,26.70721130746,-87.31594415932
CARTHE_011,2012-08-26 10:30:00,26.70589919841,-87.31513512386
CARTHE_011,2012-08-26 10:45:00,26.70462363532,-87.3142896964
CARTHE_011,2012-08-26 11:00:00,26.70335217331,-87.31339972539
CARTHE_011,2012-08-26 11:15:00,26.70205512149,-87.31245875313
CARTHE_011,2012-08-26 11:30:00,26.70072087946,-87.31146363373
CARTHE_011,2012-08-26 11:45:00,26.69936192199,-87.31041605401
CARTHE_011,2012-08-26 12:00:00,26.69800967685,-87.30932252288
CARTHE_011,2012-08-26 12:15:00,26.69670058696,-87.30819329417
CARTHE_011,2012-08-26 12:30:00,26.69545937932,-87.30704014212
CARTHE_011,2012-08-26 12:45:00,26.6942888082,-87.30587235127
CARTHE_011,2012-08-26 13:00:00,26.69317081331,-87.30469166926
CARTHE_011,2012-08-26 13:15:00,26.6920752891,-87.30348925968
CARTHE_011,2012-08-26 13:30:00,26.69096963768,-87.30224874824
CARTHE_011,2012-08-26 13:45:00,26.68982520487,-87.30095608857
CARTHE_011,2012-08-26 14:00:00,26.68862073931,-87.29961016691
CARTHE_011,2012-08-26 14:15:00,26.6873449548,-87.29822657178
CARTHE_011,2012-08-26 14:30:00,26.68599910611,-87.29683291688
CARTHE_011,2012-08-26 14:45:00,26.68459694537,-87.29545900402
CARTHE_011,2012-08-26 15:00:00,26.68315916488,-87.29412690741
CARTHE_011,2012-08-26 15:15:00,26.68170426329,-87.29284599047
CARTHE_011,2012-08-26 15:30:00,26.68024163466,-87.29161413735
CARTHE_011,2012-08-26 15:45:00,26.67877075513,-87.2904212576
CARTHE_011,2012-08-26 16:00:00,26.67728443128,-87.28925094197
CARTHE_011,2012-08-26 16:15:00,26.67577215751,-87.28808184109
CARTHE_011,2012-08-26 16:30:00,26.67422248429,-87.28689372809
CARTHE_011,2012-08-26 16:45:00,26.67262372846,-87.28567817825
CARTHE_011,2012-08-26 17:00:00,26.67096382886,-87.28444711585
CARTHE_011,2012-08-26 17:15:00,26.66923362762,-87.28323217008
CARTHE_011,2012-08-26 17:30:00,26.66743517894,-87.28207393661
CARTHE_011,2012-08-26 17:45:00,26.66558891537,-87.28100636798
CARTHE_011,2012-08-26 18:00:00,26.66373231227,-87.28004326587
CARTHE_011,2012-08-26 18:15:00,26.66190973132,-87.27917240043
CARTHE_011,2012-08-26 18:30:00,26.66015816288,-87.27835901186
CARTHE_011,2012-08-26 18:45:00,26.65849486619,-87.27755650197
CARTHE_011,2012-08-26 19:00:00,26.65691312665,-87.27672145419
CARTHE_011,2012-08-26 19:15:00,26.6553884744,-87.27582831412
CARTHE_011,2012-08-26 19:30:00,26.65389133953,-87.27487653988
CARTHE_011,2012-08-26 19:45:00,26.65239909408,-87.27388643877
CARTHE_011,2012-08-26 20:00:00,26.6509037527,-87.27288735531
CARTHE_011,2012-08-26 20:15:00,26.64941492307,-87.27190489084
CARTHE_011,2012-08-26 20:30:00,26.64795586243,-87.27095115654
CARTHE_011,2012-08-26 20:45:00,26.64655170928,-87.27001978075
CARTHE_011,2012-08-26 21:00:00,26.64521518541,-87.26908735931
CARTHE_011,2012-08-26 21:15:00,26.64393837268,-87.26812229111
CARTHE_011,2012-08-26 21:30:00,26.64269506967,-87.26709687857
CARTHE_011,2012-08-26 21:45:00,26.64145233392,-87.26599598503
CARTHE_011,2012-08-26 22:00:00,26.64018632928,-87.26481960529
CARTHE_011,2012-08-26 22:15:00,26.63889463701,-87.2635804412
CARTHE_011,2012-08-26 22:30:00,26.63759759433,-87.26229842519
CARTHE_011,2012-08-26 22:45:00,26.63632650336,-87.26099484108
CARTHE_011,2012-08-26 23:00:00,26.63510428639,-87.2596879454
CARTHE_011,2012-08-26 23:15:00,26.63393069016,-87.25839110274
CARTHE_011,2012-08-26 23:30:00,26.63278209172,-87.25711331341
CARTHE_011,2012-08-26 23:45:00,26.63162499387,-87.25585853316
CARTHE_011,2012-08-27 00:00:00,26.63043386796,-87.25462052049
CARTHE_011,2012-08-27 00:15:00,26.6292033656,-87.2533775745
CARTHE_011,2012-08-27 00:30:00,26.62794746379,-87.25209469699
CARTHE_011,2012-08-27 00:45:00,26.62668576756,-87.25073322281
CARTHE_011,2012-08-27 01:00:00,26.62542819982,-87.24926201129
CARTHE_011,2012-08-27 01:15:00,26.62417076946,-87.24766686967
CARTHE_011,2012-08-27 01:30:00,26.6229039488,-87.24595654916
CARTHE_011,2012-08-27 01:45:00,26.62162331215,-87.24416085177
CARTHE_011,2012-08-27 02:00:00,26.62033115941,-87.24231783787
CARTHE_011,2012-08-27 02:15:00,26.61902715705,-87.24045475697
CARTHE_011,2012-08-27 02:30:00,26.6176973575,-87.23857321213
CARTHE_011,2012-08-27 02:45:00,26.61631341837,-87.23664825185
CARTHE_011,2012-08-27 03:00:00,26.61484424093,-87.23464369774
CARTHE_011,2012-08-27 03:15:00,26.61327177528,-87.23253593457
CARTHE_011,2012-08-27 03:30:00,26.61160045979,-87.23033210645
CARTHE_011,2012-08-27 03:45:00,26.60985427884,-87.22806994749
CARTHE_011,2012-08-27 04:00:00,26.6080633128,-87.22579625
CARTHE_011,2012-08-27 04:15:00,26.6062488387,-87.22353728465
CARTHE_011,2012-08-27 04:30:00,26.60441619021,-87.22128288815
CARTHE_011,2012-08-27 04:45:00,26.6025575813,-87.21899500788
CARTHE_011,2012-08-27 05:00:00,26.60066037306,-87.21663263367
CARTHE_011,2012-08-27 05:15:00,26.59871432456,-87.21417622288
CARTHE_011,2012-08-27 05:30:00,26.59671250288,-87.21163774641
CARTHE_011,2012-08-27 05:45:00,26.59464501132,-87.20905207456
CARTHE_011,2012-08-27 06:00:00,26.59249130446,-87.2064572241
CARTHE_011,2012-08-27 06:15:00,26.59021846301,-87.20387669332
CARTHE_011,2012-08-27 06:30:00,26.58778804626,-87.20131332802
CARTHE_011,2012-08-27 06:45:00,26.5851691956,-87.19875561632
CARTHE_011,2012-08-27 07:00:00,26.58235212481,-87.19619056272
CARTHE_011,2012-08-27 07:15:00,26.57935480228,-87.1936140372
CARTHE_011,2012-08-27 07:30:00,26.57621938742,-87.19103148674
CARTHE_011,2012-08-27 07:45:00,26.57299998606,-87.18844931318
CARTHE_011,2012-08-27 08:00:00,26.56974580331,-87.18586395113
CARTHE_011,2012-08-27 08:15:00,26.5664846653,-87.18325612127
CARTHE_011,2012-08-27 08:30:00,26.56321174058,-87.18059214301
CARTHE_011,2012-08-27 08:45:00,26.5598877365,-87.17782871579
CARTHE_011,2012-08-27 09:00:00,26.55644930519,-87.17491845279
CARTHE_011,2012-08-27 09:15:00,26.55282969737,-87.17181804933
CARTHE_011,2012-08-27 09:30:00,26.54898189829,-87.1685010582
CARTHE_011,2012-08-27 09:45:00,26.54489404259,-87.16497175468
CARTHE_011,2012-08-27 10:00:00,26.54058972972,-87.1612723998
CARTHE_011,2012-08-27 10:15:00,26.53611360435,-87.15747847594
CARTHE_011,2012-08-27 10:30:00,26.53151194312,-87.15368246146
CARTHE_011,2012-08-27 10:45:00,26.52682133552,-87.14997152132
CARTHE_011,2012-08-27 11:00:00,26.52207034318,-87.14640861795
CARTHE_011,2012-08-27 11:15:00,26.51728681367,-87.14302669005
CARTHE_011,2012-08-27 11:30:00,26.5124999166,-87.1398381313
CARTHE_011,2012-08-27 11:45:00,26.50773291331,-87.13684936282
CARTHE_011,2012-08-27 12:00:00,26.50299268641,-87.13406391622
CARTHE_011,2012-08-27 12:15:00,26.49826612972,-87.13147119898
CARTHE_011,2012-08-27 12:30:00,26.49352826336,-87.12903489254
CARTHE_011,2012-08-27 12:45:00,26.48875676475,-87.12669139932
CARTHE_011,2012-08-27 13:00:00,26.48394200634,-87.12435797202
CARTHE_011,2012-08-27 13:15:00,26.47908701374,-87.12194612761
CARTHE_011,2012-08-27 13:30:00,26.47419982394,-87.11937813574
CARTHE_011,2012-08-27 13:45:00,26.46928476441,-87.11660605234
CARTHE_011,2012-08-27 14:00:00,26.46433760796,-87.11362764954
CARTHE_011,2012-08-27 14:15:00,26.45934380838,-87.11049067009
CARTHE_011,2012-08-27 14:30:00,26.45427503513,-87.10728123252
CARTHE_011,2012-08-27 14:45:00,26.44908313981,-87.10409796964
CARTHE_011,2012-08-27 15:00:00,26.44369983195,-87.10101710127
CARTHE_011,2012-08-27 15:15:00,26.43805015834,-87.098056999
CARTHE_011,2012-08-27 15:30:00,26.4320762567,-87.09515747365
CARTHE_011,2012-08-27 15:45:00,26.42576102775,-87.09219158558
CARTHE_011,2012-08-27 16:00:00,26.41914308997,-87.08901455276
CARTHE_011,2012-08-27 16:15:00,26.41231320612,-87.08552912607
CARTHE_011,2012-08-27 16:30:00,26.40538453865,-87.08172925518
CARTHE_011,2012-08-27 16:45:00,26.39845002426,-87.07769554757
CARTHE_011,2012-08-27 17:00:00,26.39155822458,-87.07354913824
CARTHE_011,2012-08-27 17:15:00,26.38472221645,-87.06939312164
CARTHE_011,2012-08-27 17:30:00,26.37794427062,-87.06527060099
CARTHE_011,2012-08-27 17:45:00,26.37123023908,-87.06115470209
CARTHE_011,2012-08-27 18:00:00,26.36458674921,-87.05696906187
CARTHE_011,2012-08-27 18:15:00,26.35801326062,-87.05262519173
CARTHE_011,2012-08-27 18:30:00,26.35149956965,-87.04806127383
CARTHE_011,2012-08-27 18:45:00,26.34503057903,-87.04327174421
CARTHE_011,2012-08-27 19:00:00,26.33859532096,-87.03831949458
CARTHE_011,2012-08-27 19:15:00,26.33219476323,-87.03332406078
CARTHE_011,2012-08-27 19:30:00,26.32584309217,-87.02842683378
CARTHE_011,2012-08-27 19:45:00,26.31956105719,-87.02374577311
CARTHE_011,2012-08-27 20:00:00,26.31336561581,-87.01933491473
CARTHE_011,2012-08-27 20:15:00,26.30726375312,-87.01515864764
CARTHE_011,2012-08-27 20:30:00,26.30125543505,-87.01109374541
CARTHE_011,2012-08-27 20:45:00,26.29534136401,-87.00697089002
CARTHE_011,2012-08-27 21:00:00,26.28952604855,-87.00264347995
CARTHE_011,2012-08-27 21:15:00,26.2838111756,-86.99804753113
CARTHE_011,2012-08-27 21:30:00,26.27818382017,-86.99321835265
CARTHE_011,2012-08-27 21:45:00,26.27261015419,-86.9882567837
CARTHE_011,2012-08-27 22:00:00,26.26704627668,-86.98326795847
CARTHE_011,2012-08-27 22:15:00,26.26146717139,-86.97830597949
CARTHE_011,2012-08-27 22:30:00,26.25589421508,-86.9733469959
CARTHE_011,2012-08-27 22:45:00,26.25039891196,-86.96829651901
CARTHE_011,2012-08-27 23:00:00,26.24508119253,-86.96302574103
CARTHE_011,2012-08-27 23:15:00,26.24003728796,-86.95742252075
CARTHE_011,2012-08-27 23:30:00,26.23533287304,-86.95143347751
CARTHE_011,2012-08-27 23:45:00,26.23099179254,-86.94507591099
CARTHE_011,2012-08-28 00:00:00,26.22700431261,-86.93841686188
CARTHE_011,2012-08-28 00:15:00,26.22334998582,-86.9315352848
CARTHE_011,2012-08-28 00:30:00,26.22002193505,-86.92448811621
CARTHE_011,2012-08-28 00:45:00,26.21703963173,-86.91729478283
CARTHE_011,2012-08-28 01:00:00,26.21444479201,-86.90993976964
CARTHE_011,2012-08-28 01:15:00,26.21228301683,-86.90238200908
CARTHE_011,2012-08-28 01:30:00,26.21057938673,-86.8945616648
CARTHE_011,2012-08-28 01:45:00,26.20931888512,-86.8864036323
CARTHE_011,2012-08-28 02:00:00,26.20844144563,-86.87782370044
CARTHE_011,2012-08-28 02:15:00,26.20785540682,-86.86874226237
CARTHE_011,2012-08-28 02:30:00,26.20746333206,-86.85910276038
CARTHE_011,2012-08-28 02:45:00,26.20718684701,-86.84888550718
CARTHE_011,2012-08-28 03:00:00,26.20697916938,-86.8381094361
CARTHE_011,2012-08-28 03:15:00,26.20682297688,-86.82682214836
CARTHE_011,2012-08-28 03:30:00,26.20671900357,-86.81508469773
CARTHE_011,2012-08-28 03:45:00,26.20667303348,-86.80295849192
CARTHE_011,2012-08-28 04:00:00,26.20668676467,-86.790498816
CARTHE_011,2012-08-28 04:15:00,26.20675433434,-86.77775548574
CARTHE_011,2012-08-28 04:30:00,26.20686351203,-86.76477796033
CARTHE_011,2012-08-28 04:45:00,26.20699948889,-86.75162063687
CARTHE_011,2012-08-28 05:00:00,26.20714933032,-86.73834408968
CARTHE_011,2012-08-28 05:15:00,26.20730560304,-86.72500966896
CARTHE_011,2012-08-28 05:30:00,26.20746790025,-86.71166802943
CARTHE_011,2012-08-28 05:45:00,26.20764115524,-86.69834613184
CARTHE_011,2012-08-28 06:00:00,26.20783043186,-86.68504023627
CARTHE_011,2012-08-28 06:15:00,26.20803376732,-86.67172167395
CARTHE_011,2012-08-28 06:30:00,26.20823699216,-86.65835582856
CARTHE_011,2012-08-28 06:45:00,26.20841496108,-86.64492485295
CARTHE_011,2012-08-28 07:00:00,26.20853907909,-86.63143989231
CARTHE_011,2012-08-28 07:15:00,26.20858318871,-86.61793734565
CARTHE_011,2012-08-28 07:30:00,26.2085222828,-86.60446745995
CARTHE_011,2012-08-28 07:45:00,26.20833282672,-86.59108717784
CARTHE_011,2012-08-28 08:00:00,26.20800212667,-86.57786119718
CARTHE_011,2012-08-28 08:15:00,26.20753758079,-86.5648618228
CARTHE_011,2012-08-28 08:30:00,26.20696385729,-86.55215050903
CARTHE_011,2012-08-28 08:45:00,26.20630758571,-86.5397408213
CARTHE_011,2012-08-28 09:00:00,26.2055792545,-86.52757353862
CARTHE_011,2012-08-28 09:15:00,26.20476305007,-86.51553220621
CARTHE_011,2012-08-28 09:30:00,26.20382065558,-86.50348990105
CARTHE_011,2012-08-28 09:45:00,26.20270928369,-86.49135440099
CARTHE_011,2012-08-28 10:00:00,26.20140410871,-86.47908796673
CARTHE_011,2012-08-28 10:15:00,26.19991150779,-86.46669808213
CARTHE_011,2012-08-28 10:30:00,26.19826850313,-86.4542149781
CARTHE_011,2012-08-28 10:45:00,26.19653260034,-86.44167753461
CARTHE_011,2012-08-28 11:00:00,26.1947684197,-86.42913217804
CARTHE_011,2012-08-28 11:15:00,26.19303497395,-86.41663204536
CARTHE_011,2012-08-28 11:30:00,26.19137359643,-86.40422761136
CARTHE_011,2012-08-28 11:45:00,26.18979531812,-86.39195550842
CARTHE_011,2012-08-28 12:00:00,26.18827093689,-86.37983727373
CARTHE_011,2012-08-28 12:15:00,26.18673385603,-86.36788970079
CARTHE_011,2012-08-28 12:30:00,26.18510159469,-86.35613604676
CARTHE_011,2012-08-28 12:45:00,26.18330504929,-86.34460823817
CARTHE_011,2012-08-28 13:00:00,26.18130895242,-86.33334174027
CARTHE_011,2012-08-28 13:15:00,26.17911694556,-86.3223668122
CARTHE_011,2012-08-28 13:30:00,26.17676550329,-86.31169931395
CARTHE_011,2012-08-28 13:45:00,26.17431435927,-86.30133799477
CARTHE_011,2012-08-28 14:00:00,26.17183578244,-86.29126964091
CARTHE_011,2012-08-28 14:15:00,26.16939813921,-86.28147521415
CARTHE_011,2012-08-28 14:30:00,26.16704192671,-86.27193309744
CARTHE_011,2012-08-28 14:45:00,26.16475984603,-86.26262269068
CARTHE_011,2012-08-28 15:00:00,26.16249956999,-86.25353196174
CARTHE_011,2012-08-28 15:15:00,26.16019482019,-86.24466588506
CARTHE_011,2012-08-28 15:30:00,26.1578071767,-86.23604932934
CARTHE_011,2012-08-28 15:45:00,26.15535193134,-86.22772158791
CARTHE_011,2012-08-28 16:00:00,26.15289376871,-86.21972256978
CARTHE_011,2012-08-28 16:15:00,26.15051657184,-86.21207663109
CARTHE_011,2012-08-28 16:30:00,26.14828528622,-86.20478370965
CARTHE_011,2012-08-28 16:45:00,26.14622253989,-86.19781763353
CARTHE_011,2012-08-28 17:00:00,26.1443124618,-86.19112864603
CARTHE_011,2012-08-28 17:15:00,26.14252285484,-86.18465816304
CARTHE_011,2012-08-28 17:30:00,26.14082707252,-86.17836791594
CARTHE_011,2012-08-28 17:45:00,26.13921495479,-86.17226464459
CARTHE_011,2012-08-28 18:00:00,26.13769242722,-86.16639589453
CARTHE_011,2012-08-28 18:15:00,26.13627333493,-86.16081371032
CARTHE_011,2012-08-28 18:30:00,26.1349704001,-86.15553258181
CARTHE_011,2012-08-28 18:45:00,26.13379302178,-86.15051272079
CARTHE_011,2012-08-28 19:00:00,26.13275267539,-86.14567838395
CARTHE_011,2012-08-28 19:15:00,26.13186816047,-86.14095839967
CARTHE_011,2012-08-28 19:30:00,26.13116443371,-86.1363261098
CARTHE_011,2012-08-28 19:45:00,26.13066727675,-86.13181567923
CARTHE_011,2012-08-28 20:00:00,26.13039861841,-86.12750276812
CARTHE_011,2012-08-28 20:15:00,26.13037306583,-86.12346029113
CARTHE_011,2012-08-28 20:30:00,26.1305943001,-86.11971669522
CARTHE_011,2012-08-28 20:45:00,26.13105217972,-86.11623912957
CARTHE_011,2012-08-28 21:00:00,26.13172343534,-86.11294564194
CARTHE_011,2012-08-28 21:15:00,26.13258006982,-86.10973657247
CARTHE_011,2012-08-28 21:30:00,26.13360554022,-86.10653220437
CARTHE_011,2012-08-28 21:45:00,26.13480864666,-86.10330324688
CARTHE_011,2012-08-28 22:00:00,26.13622257415,-86.10007924348
CARTHE_011,2012-08-28 22:15:00,26.13788748563,-86.09692579719
CARTHE_011,2012-08-28 22:30:00,26.13982825289,-86.09390175138
CARTHE_011,2012-08-28 22:45:00,26.1420426419,-86.09102594253
CARTHE_011,2012-08-28 23:00:00,26.14450681677,-86.08827573661
CARTHE_011,2012-08-28 23:15:00,26.14719225279,-86.08561167699
CARTHE_011,2012-08-28 23:30:00,26.15008094712,-86.08300130029
CARTHE_011,2012-08-28 23:45:00,26.15316862659,-86.08042150967
CARTHE_011,2012-08-29 00:00:00,26.15645664708,-86.07784235583
CARTHE_011,2012-08-29 00:15:00,26.15994406175,-86.07521081945
CARTHE_011,2012-08-29 00:30:00,26.16362797301,-86.07245371198
CARTHE_011,2012-08-29 00:45:00,26.16750814471,-86.06950444941
CARTHE_011,2012-08-29 01:00:00,26.17158960518,-86.06633822768
CARTHE_011,2012-08-29 01:15:00,26.17588174547,-86.0629904916
CARTHE_011,2012-08-29 01:30:00,26.18039433519,-86.05954414635
CARTHE_011,2012-08-29 01:45:00,26.18513013486,-86.05609249916
CARTHE_011,2012-08-29 02:00:00,26.19007587052,-86.05269934457
CARTHE_011,2012-08-29 02:15:00,26.19519812728,-86.04937537371
CARTHE_011,2012-08-29 02:30:00,26.20044864249,-86.04607806019
CARTHE_011,2012-08-29 02:45:00,26.20577587486,-86.04273385129
CARTHE_011,2012-08-29 03:00:00,26.21113710476,-86.03927495182
CARTHE_011,2012-08-29 03:15:00,26.21650744449,-86.03567305209
CARTHE_011,2012-08-29 03:30:00,26.22188337463,-86.03194856236
CARTHE_011,2012-08-29 03:45:00,26.22727881613,-86.02814750762
CARTHE_011,2012-08-29 04:00:00,26.23271498077,-86.02430271736
CARTHE_011,2012-08-29 04:15:00,26.23820900878,-86.02040710004
CARTHE_011,2012-08-29 04:30:00,26.24376544282,-86.01641671508
CARTHE_011,2012-08-29 04:45:00,26.24937092537,-86.01227890885
CARTHE_011,2012-08-29 05:00:00,26.25499355337,-86.00796166353
CARTHE_011,2012-08-29 05:15:00,26.26059084167,-86.0034631405
CARTHE_011,2012-08-29 05:30:00,26.26612443281,-85.99880243444
CARTHE_011,2012-08-29 05:45:00,26.27157094308,-85.99400867012
CARTHE_011,2012-08-29 06:00:00,26.27692063034,-85.98911928834
CARTHE_011,2012-08-29 06:15:00,26.28216703141,-85.98418426304
CARTHE_011,2012-08-29 06:30:00,26.28729710933,-85.97926657976
CARTHE_011,2012-08-29 06:45:00,26.29228846767,-85.97443255988
CARTHE_011,2012-08-29 07:00:00,26.29711484566,-85.96973372297
CARTHE_011,2012-08-29 07:15:00,26.30175668584,-85.96518960738
CARTHE_011,2012-08-29 07:30:00,26.30621120764,-85.96078392835
CARTHE_011,2012-08-29 07:45:00,26.31049718999,-85.95647857086
CARTHE_011,2012-08-29 08:00:00,26.314653143,-85.95223545554
CARTHE_011,2012-08-29 08:15:00,26.3187294864,-85.94803015936
CARTHE_011,2012-08-29 08:30:00,26.32277547068,-85.94385125902
CARTHE_011,2012-08-29 08:45:00,26.32682447986,-85.93969222104
CARTHE_011,2012-08-29 09:00:00,26.33088526275,-85.9355466977
CARTHE_011,2012-08-29 09:15:00,26.33494497647,-85.93141249536
CARTHE_011,2012-08-29 09:30:00,26.338982451,-85.92729821444
CARTHE_011,2012-08-29 09:45:00,26.34298239364,-85.92322253059
CARTHE_011,2012-08-29 10:00:00,26.34694049841,-85.91920483595
CARTHE_011,2012-08-29 10:15:00,26.35085822906,-85.91525543758
CARTHE_011,2012-08-29 10:30:00,26.35473489515,-85.91137354886
CARTHE_011,2012-08-29 10:45:00,26.35856466605,-85.90755350241
CARTHE_011,2012-08-29 11:00:00,26.36233947324,-85.90379164374
CARTHE_011,2012-08-29 11:15:00,26.36605415907,-85.9000883349
CARTHE_011,2012-08-29 11:30:00,26.36971031718,-85.89644973938
CARTHE_011,2012-08-29 11:45:00,26.37331674742,-85.89289463669
CARTHE_011,2012-08-29 12:00:00,26.37688527548,-85.88945818874
CARTHE_011,2012-08-29 12:15:00,26.3804226745,-85.88617992473
CARTHE_011,2012-08-29 12:30:00,26.38392292333,-85.88307751406
CARTHE_011,2012-08-29 12:45:00,26.38736655318,-85.88012647226
CARTHE_011,2012-08-29 13:00:00,26.39072958876,-85.87726661302
CARTHE_011,2012-08-29 13:15:00,26.39399496854,-85.87443448206
CARTHE_011,2012-08-29 13:30:00,26.39715758529,-85.87159893241
CARTHE_011,2012-08-29 13:45:00,26.40022192316,-85.86877466275
CARTHE_011,2012-08-29 14:00:00,26.40319979423,-85.86600420523
CARTHE_011,2012-08-29 14:15:00,26.40611496224,-85.86331989703
CARTHE_011,2012-08-29 14:30:00,26.40901003062,-85.86071012228
CARTHE_011,2012-08-29 14:45:00,26.41194482121,-85.85811355806
CARTHE_011,2012-08-29 15:00:00,26.41498301875,-85.85544970292
CARTHE_011,2012-08-29 15:15:00,26.41817306939,-85.85266818858
CARTHE_011,2012-08-29 15:30:00,26.42153230093,-85.84978569112
CARTHE_011,2012-08-29 15:45:00,26.4250422732,-85.84689049378
CARTHE_011,2012-08-29 16:00:00,26.4286586151,-85.84411736101
CARTHE_011,2012-08-29 16:15:00,26.43233048851,-85.84160896467
CARTHE_011,2012-08-29 16:30:00,26.43601831831,-85.839479584
CARTHE_011,2012-08-29 16:45:00,26.43969915424,-85.83779021452
CARTHE_011,2012-08-29 17:00:00,26.4433577164,-85.83653874211
CARTHE_011,2012-08-29 17:15:00,26.44697246126,-85.83566617417
CARTHE_011,2012-08-29 17:30:00,26.45051046309,-85.83507814474
CARTHE_011,2012-08-29 17:45:00,26.45393716831,-85.83467732651
CARTHE_011,2012-08-29 18:00:00,26.45723431119,-85.83439668121
CARTHE_011,2012-08-29 18:15:00,26.46041323188,-85.83421903937
CARTHE_011,2012-08-29 18:30:00,26.4635147326,-85.83417087404
CARTHE_011,2012-08-29 18:45:00,26.46659668202,-85.83429131467
CARTHE_011,2012-08-29 19:00:00,26.46971808185,-85.83459454375
CARTHE_011,2012-08-29 19:15:00,26.47292667544,-85.83504976703
CARTHE_011,2012-08-29 19:30:00,26.47625087401,-85.83559233398
CARTHE_011,2012-08-29 19:45:00,26.47969463931,-85.83615914005
CARTHE_011,2012-08-29 20:00:00,26.48323746149,-85.83672483579
CARTHE_011,2012-08-29 20:15:00,26.48684328258,-85.837316139
CARTHE_011,2012-08-29 20:30:00,26.49047671565,-85.8379982481
CARTHE_011,2012-08-29 20:45:00,26.49411819891,-85.83884615256
CARTHE_011,2012-08-29 21:00:00,26.49776941481,-85.83992024736
CARTHE_011,2012-08-29 21:15:00,26.50144643977,-85.84125483701
CARTHE_011,2012-08-29 21:30:00,26.50516725037,-85.84285394837
CARTHE_011,2012-08-29 21:45:00,26.50894476365,-85.84468928304
CARTHE_011,2012-08-29 22:00:00,26.51279082471,-85.8467061329
CARTHE_011,2012-08-29 22:15:00,26.51672559489,-85.84884435167
CARTHE_011,2012-08-29 22:30:00,26.52078190378,-85.85106642625
CARTHE_011,2012-08-29 22:45:00,26.52499931104,-85.85337100749
CARTHE_011,2012-08-29 23:00:00,26.52941038965,-85.85577730066
CARTHE_011,2012-08-29 23:15:00,26.53402743319,-85.85829081043
CARTHE_011,2012-08-29 23:30:00,26.53883915753,-85.86088044199
CARTHE_011,2012-08-29 23:45:00,26.54382005262,-85.86348900459
CARTHE_011,2012-08-30 00:00:00,26.54894357977,-85.86606922372
CARTHE_011,2012-08-30 00:15:00,26.5541871019,-85.86861646417
CARTHE_011,2012-08-30 00:30:00,26.55952752094,-85.87117488326
CARTHE_011,2012-08-30 00:45:00,26.56493839048,-85.8738153197
CARTHE_011,2012-08-30 01:00:00,26.57039607604,-85.87660022763
CARTHE_011,2012-08-30 01:15:00,26.57589043545,-85.8795538853
CARTHE_011,2012-08-30 01:30:00,26.5814310332,-85.88265090932
CARTHE_011,2012-08-30 01:45:00,26.58704346962,-85.88582631032
CARTHE_011,2012-08-30 02:00:00,26.59275603473,-85.88899995998
CARTHE_011,2012-08-30 02:15:00,26.59858348607,-85.8921054569
CARTHE_011,2012-08-30 02:30:00,26.60451849155,-85.89511561553
CARTHE_011,2012-08-30 02:45:00,26.61053634912,-85.89805454131
CARTHE_011,2012-08-30 03:00:00,26.61660799927,-85.90098499452
CARTHE_011,2012-08-30 03:15:00,26.62271138411,-85.90397208136
CARTHE_011,2012-08-30 03:30:00,26.62883506816,-85.90704348801
CARTHE_011,2012-08-30 03:45:00,26.63497511403,-85.91017142929
CARTHE_011,2012-08-30 04:00:00,26.64112942483,-85.91328592254
CARTHE_011,2012-08-30 04:15:00,26.64729274913,-85.91630786881
CARTHE_011,2012-08-30 04:30:00,26.65345423516,-85.91918069695
CARTHE_011,2012-08-30 04:45:00,26.65959886779,-85.92188448404
CARTHE_011,2012-08-30 05:00:00,26.66571302917,-85.92443121822
CARTHE_011,2012-08-30 05:15:00,26.67179229559,-85.92685131785
CARTHE_011,2012-08-30 05:30:00,26.67784722979,-85.92918029102
CARTHE_011,2012-08-30 05:45:00,26.68390257616,-85.93144848869
CARTHE_011,2012-08-30 06:00:00,26.68998802413,-85.93367268983
CARTHE_011,2012-08-30 06:15:00,26.69612336005,-85.93584952591
CARTHE_011,2012-08-30 06:30:00,26.7023067947,-85.93795678273
CARTHE_011,2012-08-30 06:45:00,26.70851536909,-85.93996738874
CARTHE_011,2012-08-30 07:00:00,26.71471657986,-85.94186755022
CARTHE_011,2012-08-30 07:15:00,26.72088146406,-85.94366276064
CARTHE_011,2012-08-30 07:30:00,26.72699111428,-85.94536710163
CARTHE_011,2012-08-30 07:45:00,26.73303526154,-85.94698803982
CARTHE_011,2012-08-30 08:00:00,26.73900746957,-85.94852162868
CARTHE_011,2012-08-30 08:15:00,26.74490323946,-85.94996180922
CARTHE_011,2012-08-30 08:30:00,26.7507218854,-85.95131368457
CARTHE_011,2012-08-30 08:45:00,26.75646691067,-85.95259769536
CARTHE_011,2012-08-30 09:00:00,26.76214194695,-85.95384086784
CARTHE_011,2012-08-30 09:15:00,26.76774617069,-85.95506012372
CARTHE_011,2012-08-30 09:30:00,26.77327384043,-85.95624723201
CARTHE_011,2012-08-30 09:45:00,26.77871707951,-85.95736482401
CARTHE_011,2012-08-30 10:00:00,26.78406843209,-85.95835695316
CARTHE_011,2012-08-30 10:15:00,26.78932244669,-85.95917005568
CARTHE_011,2012-08-30 10:30:00,26.79447756412,-85.95977532262
CARTHE_011,2012-08-30 10:45:00,26.79953876837,-85.96018199051
CARTHE_011,2012-08-30 11:00:00,26.80451912456,-85.96043575311
CARTHE_011,2012-08-30 11:15:00,26.80943618195,-85.96060507016
CARTHE_011,2012-08-30 11:30:00,26.81430201188,-85.96076277525
CARTHE_011,2012-08-30 11:45:00,26.819112004,-85.96097080065
CARTHE_011,2012-08-30 12:00:00,26.82384041021,-85.96127273145
CARTHE_011,2012-08-30 12:15:00,26.82844738268,-85.96169363484
CARTHE_011,2012-08-30 12:30:00,26.83289378576,-85.96224225717
CARTHE_011,2012-08-30 12:45:00,26.83715400796,-85.96291001471
CARTHE_011,2012-08-30 13:00:00,26.84121984901,-85.96366735344
CARTHE_011,2012-08-30 13:15:00,26.84509518641,-85.96446630775
CARTHE_011,2012-08-30 13:30:00,26.84878623483,-85.96525583042
CARTHE_011,2012-08-30 13:45:00,26.85229466128,-85.96600315781
CARTHE_011,2012-08-30 14:00:00,26.85561856499,-85.96670657734
CARTHE_011,2012-08-30 14:15:00,26.85876023945,-85.96739109177
CARTHE_011,2012-08-30 14:30:00,26.86173400233,-85.96809150814
CARTHE_011,2012-08-30 14:45:00,26.86456782971,-85.96883526216
CARTHE_011,2012-08-30 15:00:00,26.8672983473,-85.96963473631
CARTHE_011,2012-08-30 15:15:00,26.86996262258,-85.97049116372
CARTHE_011,2012-08-30 15:30:00,26.87258959448,-85.97140504662
CARTHE_011,2012-08-30 15:45:00,26.87519309515,-85.97238381705
CARTHE_011,2012-08-30 16:00:00,26.87776894469,-85.97344075579
CARTHE_011,2012-08-30 16:15:00,26.88029886942,-85.97458855502
CARTHE_011,2012-08-30 16:30:00,26.88276161442,-85.97583653311
CARTHE_011,2012-08-30 16:45:00,26.8851463088,-85.97719553135
CARTHE_011,2012-08-30 17:00:00,26.8874606156,-85.97868451692
CARTHE_011,2012-08-30 17:15:00,26.88972993405,-85.98032911447
CARTHE_011,2012-08-30 17:30:00,26.89198851484,-85.98214955078
CARTHE_011,2012-08-30 17:45:00,26.89426612079,-85.98414668499
CARTHE_011,2012-08-30 18:00:00,26.89657664752,-85.9862976035
CARTHE_011,2012-08-30 18:15:00,26.89891510613,-85.98856632048
CARTHE_011,2012-08-30 18:30:00,26.90126356866,-85.99092411801
CARTHE_011,2012-08-30 18:45:00,26.90360117659,-85.99336471174
CARTHE_011,2012-08-30 19:00:00,26.90591303773,-85.99590183298
CARTHE_011,2012-08-30 19:15:00,26.90819430792,-85.99855065572
CARTHE_011,2012-08-30 19:30:00,26.91044870243,-86.00130721288
CARTHE_011,2012-08-30 19:45:00,26.91268456806,-86.00414090253
CARTHE_011,2012-08-30 20:00:00,26.91491186698,-86.00700373543
CARTHE_011,2012-08-30 20:15:00,26.91714107521,-86.00984590191
CARTHE_011,2012-08-30 20:30:00,26.91938364858,-86.01262623365
CARTHE_011,2012-08-30 20:45:00,26.921652673,-86.01531679518
CARTHE_011,2012-08-30 21:00:00,26.92396156303,-86.017907536
CARTHE_011,2012-08-30 21:15:00,26.92632000386,-86.02041343493
CARTHE_011,2012-08-30 21:30:00,26.92872930963,-86.02287930258
CARTHE_011,2012-08-30 21:45:00,26.93118127084,-86.02537431486
CARTHE_011,2012-08-30 22:00:00,26.93366388515,-86.02797297311
CARTHE_011,2012-08-30 22:15:00,26.93617179797,-86.03072986499
CARTHE_011,2012-08-30 22:30:00,26.93871313912,-86.03366322956
CARTHE_011,2012-08-30 22:45:00,26.94130623188,-86.03675730951
CARTHE_011,2012-08-30 23:00:00,26.94396785864,-86.03998082467
CARTHE_011,2012-08-30 23:15:00,26.94670139349,-86.04330978957
CARTHE_011,2012-08-30 23:30:00,26.94949313432,-86.04674105103
CARTHE_011,2012-08-30 23:45:00,26.9523186604,-86.0502884722
CARTHE_011,2012-08-31 00:00:00,26.95515457365,-86.05396617612
CARTHE_011,2012-08-31 00:15:00,26.95798925031,-86.0577733827
CARTHE_011,2012-08-31 00:30:00,26.96082708722,-86.06169150354
CARTHE_011,2012-08-31 00:45:00,26.96368372817,-86.06569101649
CARTHE_011,2012-08-31 01:00:00,26.96657506627,-86.06973965854
CARTHE_011,2012-08-31 01:15:00,26.96950646604,-86.07380753931
CARTHE_011,2012-08-31 01:30:00,26.97246815557,-86.07787072446
CARTHE_011,2012-08-31 01:45:00,26.97543994476,-86.08191598124
CARTHE_011,2012-08-31 02:00:00,26.97840339806,-86.08594515861
CARTHE_011,2012-08-31 02:15:00,26.98135400199,-86.08997433853
CARTHE_011,2012-08-31 02:30:00,26.98430525453,-86.09402567091
CARTHE_011,2012-08-31 02:45:00,26.98728184822,-86.09811593585
CARTHE_011,2012-08-31 03:00:00,26.99030616276,-86.10224808741
CARTHE_011,2012-08-31 03:15:00,26.99338668687,-86.10640978276
CARTHE_011,2012-08-31 03:30:00,26.99651664592,-86.11057958881
CARTHE_011,2012-08-31 03:45:00,26.99968552992,-86.1147376791
CARTHE_011,2012-08-31 04:00:00,27.00289590945,-86.11887410144
CARTHE_011,2012-08-31 04:15:00,27.00617137729,-86.12298967713
CARTHE_011,2012-08-31 04:30:00,27.00954742292,-86.12709324677
CARTHE_011,2012-08-31 04:45:00,27.01305049482,-86.13120044322
CARTHE_011,2012-08-31 05:00:00,27.01667935283,-86.13533091062
CARTHE_011,2012-08-31 05:15:00,27.0204010875,-86.13950096274
CARTHE_011,2012-08-31 05:30:00,27.02416458059,-86.14371740549
CARTHE_011,2012-08-31 05:45:00,27.0279235775,-86.14797825712
CARTHE_011,2012-08-31 06:00:00,27.03165634561,-86.15227884345
CARTHE_011,2012-08-31 06:15:00,27.03537220865,-86.1566168312
CARTHE_011,2012-08-31 06:30:00,27.03910334354,-86.16099006377
CARTHE_011,2012-08-31 06:45:00,27.04288738028,-86.1653885957
CARTHE_011,2012-08-31 07:00:00,27.04674956592,-86.16978753464
CARTHE_011,2012-08-31 07:15:00,27.05069181,-86.17414496118
CARTHE_011,2012-08-31 07:30:00,27.05469193895,-86.17840707876
CARTHE_011,2012-08-31 07:45:00,27.05871243661,-86.18252111883
CARTHE_011,2012-08-31 08:00:00,27.0627149553,-86.18645332016
CARTHE_011,2012-08-31 08:15:00,27.06667508473,-86.19020672659
CARTHE_011,2012-08-31 08:30:00,27.07059121827,-86.19382873034
CARTHE_011,2012-08-31 08:45:00,27.07448322213,-86.19739801258
CARTHE_011,2012-08-31 09:00:00,27.07838259678,-86.20099321807
CARTHE_011,2012-08-31 09:15:00,27.08232041532,-86.20465846094
CARTHE_011,2012-08-31 09:30:00,27.0863176089,-86.20838272868
CARTHE_011,2012-08-31 09:45:00,27.09037979324,-86.21210314425
CARTHE_011,2012-08-31 10:00:00,27.0944976187,-86.21572959915
CARTHE_011,2012-08-31 10:15:00,27.09865110675,-86.21917725056
CARTHE_011,2012-08-31 10:30:00,27.10281521198,-86.22239177467
CARTHE_011,2012-08-31 10:45:00,27.10696470968,-86.22535880182
CARTHE_011,2012-08-31 11:00:00,27.11107781413,-86.22809738026
CARTHE_011,2012-08-31 11:15:00,27.11513830987,-86.23064458606
CARTHE_011,2012-08-31 11:30:00,27.11913604947,-86.23304039148
CARTHE_011,2012-08-31 11:45:00,27.12306643892,-86.23531785645
CARTHE_011,2012-08-31 12:00:00,27.1269290549,-86.23750046044
CARTHE_011,2012-08-31 12:15:00,27.13072464972,-86.23960528859
CARTHE_011,2012-08-31 12:30:00,27.13445047272,-86.24164694675
CARTHE_011,2012-08-31 12:45:00,27.13809637039,-86.24363701906
CARTHE_011,2012-08-31 13:00:00,27.14164596422,-86.24557938822
CARTHE_011,2012-08-31 13:15:00,27.14508376203,-86.24746900169
CARTHE_011,2012-08-31 13:30:00,27.14840329597,-86.2493002981
CARTHE_011,2012-08-31 13:45:00,27.15161023277,-86.25108026536
CARTHE_011,2012-08-31 14:00:00,27.15471888863,-86.25283309855
CARTHE_011,2012-08-31 14:15:00,27.15774553805,-86.25459038247
CARTHE_011,2012-08-31 14:30:00,27.16070332084,-86.25637450991
CARTHE_011,2012-08-31 14:45:00,27.16360022998,-86.2581884518
CARTHE_011,2012-08-31 15:00:00,27.16643762953,-86.26001784921
CARTHE_011,2012-08-31 15:15:00,27.16920735545,-86.26184138178
CARTHE_011,2012-08-31 15:30:00,27.17188980405,-86.2636431448
CARTHE_011,2012-08-31 15:45:00,27.1744576195,-86.26542320927
CARTHE_011,2012-08-31 16:00:00,27.17688647176,-86.2672036469
CARTHE_011,2012-08-31 16:15:00,27.17916855865,-86.26902697185
CARTHE_011,2012-08-31 16:30:00,27.18132069939,-86.27094628942
CARTHE_011,2012-08-31 16:45:00,27.18338153316,-86.27301166057
CARTHE_011,2012-08-31 17:00:00,27.18539983842,-86.2752588486
CARTHE_011,2012-08-31 17:15:00,27.18742072282,-86.2777029914
CARTHE_011,2012-08-31 17:30:00,27.18947513734,-86.28033650837
CARTHE_011,2012-08-31 17:45:00,27.19157407127,-86.28313081873
CARTHE_011,2012-08-31 18:00:00,27.19370691842,-86.28604257341
CARTHE_011,2012-08-31 18:15:00,27.19584453969,-86.2890248685
CARTHE_011,2012-08-31 18:30:00,27.19794814018,-86.29204115439
CARTHE_011,2012-08-31 18:45:00,27.19998230897,-86.29507501511
CARTHE_011,2012-08-31 19:00:00,27.20192644189,-86.29812935446
CARTHE_011,2012-08-31 19:15:00,27.20377891017,-86.30121598965
CARTHE_011,2012-08-31 19:30:00,27.20555325651,-86.3043431815
CARTHE_011,2012-08-31 19:45:00,27.20727044739,-86.30750875541
CARTHE_011,2012-08-31 20:00:00,27.20895135105,-86.31070155916
CARTHE_011,2012-08-31 20:15:00,27.21061062932,-86.3139072317
CARTHE_011,2012-08-31 20:30:00,27.2122525273,-86.31711362009
CARTHE_011,2012-08-31 20:45:00,27.21387019151,-86.32031558865
CARTHE_011,2012-08-31 21:00:00,27.21544926077,-86.32351851492
CARTHE_011,2012-08-31 21:15:00,27.21697364825,-86.32673770954
CARTHE_011,2012-08-31 21:30:00,27.21842988713,-86.32999331592
CARTHE_011,2012-08-31 21:45:00,27.21980858672,-86.3333033695
CARTHE_011,2012-08-31 22:00:00,27.22110477748,-86.33667802842
CARTHE_011,2012-08-31 22:15:00,27.22231898286,-86.34011686349
CARTHE_011,2012-08-31 22:30:00,27.2234579283,-86.34361012918
CARTHE_011,2012-08-31 22:45:00,27.22453313248,-86.34714359184
CARTHE_011,2012-08-31 23:00:00,27.22555743927,-86.35070473477
CARTHE_011,2012-08-31 23:15:00,27.22654137972,-86.35428736458
CARTHE_011,2012-08-31 23:30:00,27.22749235926,-86.35789342397
CARTHE_011,2012-08-31 23:45:00,27.22841777581,-86.36153362999
CARTHE_011,2012-09-01 00:00:00,27.22932959953,-86.36522768735
CARTHE_011,2012-09-01 00:15:00,27.23024677226,-86.36900179201
CARTHE_011,2012-09-01 00:30:00,27.23119322475,-86.37288232685
CARTHE_011,2012-09-01 00:45:00,27.23219195701,-86.37688853326
CARTHE_011,2012-09-01 01:00:00,27.23325836415,-86.38102735757
CARTHE_011,2012-09-01 01:15:00,27.23439671106,-86.38529172831
CARTHE_011,2012-09-01 01:30:00,27.23560112919,-86.38966169018
CARTHE_011,2012-09-01 01:45:00,27.23685957382,-86.39410629882
CARTHE_011,2012-09-01 02:00:00,27.23815850339,-86.39858555081
CARTHE_011,2012-09-01 02:15:00,27.23948688509,-86.40305416573
CARTHE_011,2012-09-01 02:30:00,27.24083894952,-86.40746910478
CARTHE_011,2012-09-01 02:45:00,27.24221553837,-86.41180123204
CARTHE_011,2012-09-01 03:00:00,27.24362324983,-86.41604765164
CARTHE_011,2012-09-01 03:15:00,27.24507050432,-86.42023807759
CARTHE_011,2012-09-01 03:30:00,27.24656229295,-86.42442953612
CARTHE_011,2012-09-01 03:45:00,27.24809653639,-86.42868790453
CARTHE_011,2012-09-01 04:00:00,27.24966298732,-86.43306198952
CARTHE_011,2012-09-01 04:15:00,27.25124478105,-86.43756208331
CARTHE_011,2012-09-01 04:30:00,27.25282237923,-86.4421541626
CARTHE_011,2012-09-01 04:45:00,27.25437860332,-86.44677294257
CARTHE_011,2012-09-01 05:00:00,27.25590335615,-86.45134785307
CARTHE_011,2012-09-01 05:15:00,27.25739686771,-86.45583055832
CARTHE_011,2012-09-01 05:30:00,27.25887051425,-86.46021254395
CARTHE_011,2012-09-01 05:45:00,27.26034544646,-86.46452710043
CARTHE_011,2012-09-01 06:00:00,27.26184985564,-86.46883668041
CARTHE_011,2012-09-01 06:15:00,27.26341480317,-86.47321122011
CARTHE_011,2012-09-01 06:30:00,27.26506885812,-86.47770526138
CARTHE_011,2012-09-01 06:45:00,27.26683389913,-86.48234082853
CARTHE_011,2012-09-01 07:00:00,27.26872384725,-86.48710137886
CARTHE_011,2012-09-01 07:15:00,27.27074506514,-86.49193891825
CARTHE_011,2012-09-01 07:30:00,27.27289668051,-86.49679060077
CARTHE_011,2012-09-01 07:45:00,27.27517099084,-86.50159626981
CARTHE_011,2012-09-01 08:00:00,27.27755480253,-86.50630935234
CARTHE_011,2012-09-01 08:15:00,27.28003087968,-86.51089954217
CARTHE_011,2012-09-01 08:30:00,27.28257773261,-86.51534984015
CARTHE_011,2012-09-01 08:45:00,27.28516736933,-86.5196499062
CARTHE_011,2012-09-01 09:00:00,27.28776345847,-86.52378772262
CARTHE_011,2012-09-01 09:15:00,27.29032396829,-86.52774441964
CARTHE_011,2012-09-01 09:30:00,27.29280907831,-86.5314971855
CARTHE_011,2012-09-01 09:45:00,27.29519018675,-86.53502933262
CARTHE_011,2012-09-01 10:00:00,27.29745531274,-86.53834084162
CARTHE_011,2012-09-01 10:15:00,27.299609367,-86.54145260039
CARTHE_011,2012-09-01 10:30:00,27.30167070207,-86.54440176701
CARTHE_011,2012-09-01 10:45:00,27.30366586906,-86.54723126766
CARTHE_011,2012-09-01 11:00:00,27.30562327951,-86.54998020769
CARTHE_011,2012-09-01 11:15:00,27.30756644898,-86.55268062908
CARTHE_011,2012-09-01 11:30:00,27.30950848883,-86.55535996106
CARTHE_011,2012-09-01 11:45:00,27.31145046204,-86.5580443395
CARTHE_011,2012-09-01 12:00:00,27.31338575264,-86.56075924991
CARTHE_011,2012-09-01 12:15:00,27.31530870637,-86.56352686403
CARTHE_011,2012-09-01 12:30:00,27.31722145841,-86.56636152913
CARTHE_011,2012-09-01 12:45:00,27.3191343246,-86.56926571008
CARTHE_011,2012-09-01 13:00:00,27.32106066067,-86.57222855274
CARTHE_011,2012-09-01 13:15:00,27.32301002718,-86.57522877561
CARTHE_011,2012-09-01 13:30:00,27.324983302,-86.5782421163
CARTHE_011,2012-09-01 13:45:00,27.32697196142,-86.5812509633
CARTHE_011,2012-09-01 14:00:00,27.32896124707,-86.58425127679
CARTHE_011,2012-09-01 14:15:00,27.33093430061,-86.5872521992
CARTHE_011,2012-09-01 14:30:00,27.33287448728,-86.59026803459
CARTHE_011,2012-09-01 14:45:00,27.33476570812,-86.5933073191
CARTHE_011,2012-09-01 15:00:00,27.33659197958,-86.59636552998
CARTHE_011,2012-09-01 15:15:00,27.33833752551,-86.59942539217
CARTHE_011,2012-09-01 15:30:00,27.33998784954,-86.60246444219
CARTHE_011,2012-09-01 15:45:00,27.34153095766,-86.60546584802
CARTHE_011,2012-09-01 16:00:00,27.34295813532,-86.60842768907
CARTHE_011,2012-09-01 16:15:00,27.34426510846,-86.61136740923
CARTHE_011,2012-09-01 16:30:00,27.34545445882,-86.61431932408
CARTHE_011,2012-09-01 16:45:00,27.34653801722,-86.61732546819
CARTHE_011,2012-09-01 17:00:00,27.3475363782,-86.62042386533
CARTHE_011,2012-09-01 17:15:00,27.34847433748,-86.62363896921
CARTHE_011,2012-09-01 17:30:00,27.34937455008,-86.62697652957
CARTHE_011,2012-09-01 17:45:00,27.35025344412,-86.63042264205
CARTHE_011,2012-09-01 18:00:00,27.35112189917,-86.63394694154
CARTHE_011,2012-09-01 18:15:00,27.35198954216,-86.6375105773
CARTHE_011,2012-09-01 18:30:00,27.352867954,-86.64107732722
CARTHE_011,2012-09-01 18:45:00,27.35376876756,-86.64462308769
CARTHE_011,2012-09-01 19:00:00,27.35469789258,-86.64813968026
CARTHE_011,2012-09-01 19:15:00,27.35565087435,-86.65163180287
CARTHE_011,2012-09-01 19:30:00,27.35661290865,-86.65510831837
CARTHE_011,2012-09-01 19:45:00,27.35756331272,-86.65857231093
CARTHE_011,2012-09-01 20:00:00,27.35848193474,-86.66201691758
CARTHE_011,2012-09-01 20:15:00,27.35935487877,-86.66543087017
CARTHE_011,2012-09-01 20:30:00,27.36017781117,-86.66880968527
CARTHE_011,2012-09-01 20:45:00,27.36095559402,-86.67216285474
CARTHE_011,2012-09-01 21:00:00,27.36169755107,-86.67550996807
CARTHE_011,2012-09-01 21:15:00,27.36240949733,-86.6788675983
CARTHE_011,2012-09-01 21:30:00,27.36308687883,-86.68223597498
CARTHE_011,2012-09-01 21:45:00,27.363715295,-86.68559450613
CARTHE_011,2012-09-01 22:00:00,27.36428042437,-86.68890836412
CARTHE_011,2012-09-01 22:15:00,27.36478164287,-86.69214098084
CARTHE_011,2012-09-01 22:30:00,27.36524015635,-86.69526597163
CARTHE_011,2012-09-01 22:45:00,27.36569592852,-86.69827527882
CARTHE_011,2012-09-01 23:00:00,27.36619426237,-86.70118154118
CARTHE_011,2012-09-01 23:15:00,27.36676853593,-86.70401330982
CARTHE_011,2012-09-01 23:30:00,27.36742874033,-86.70680541509
CARTHE_011,2012-09-01 23:45:00,27.3681629881,-86.70958999664
CARTHE_011,2012-09-02 00:00:00,27.36895034607,-86.71239254701
CARTHE_011,2012-09-02 00:15:00,27.36977595593,-86.7152323599
CARTHE_011,2012-09-02 00:30:00,27.37063933964,-86.71812283206
CARTHE_011,2012-09-02 00:45:00,27.37155199316,-86.72106872161
CARTHE_011,2012-09-02 01:00:00,27.37252757722,-86.72406300315
CARTHE_011,2012-09-02 01:15:00,27.37357284483,-86.72708807553
CARTHE_011,2012-09-02 01:30:00,27.37468483397,-86.73012248871
CARTHE_011,2012-09-02 01:45:00,27.37585380461,-86.73314976188
CARTHE_011,2012-09-02 02:00:00,27.37706807934,-86.73616440651
CARTHE_011,2012-09-02 02:15:00,27.37831753777,-86.73917223255
CARTHE_011,2012-09-02 02:30:00,27.3795953727,-86.74218489652
CARTHE_011,2012-09-02 02:45:00,27.38089925784,-86.74521146827
CARTHE_011,2012-09-02 03:00:00,27.38223187242,-86.74825240432
CARTHE_011,2012-09-02 03:15:00,27.38359859762,-86.75130112309
CARTHE_011,2012-09-02 03:30:00,27.38500140117,-86.75435358568
CARTHE_011,2012-09-02 03:45:00,27.38643213442,-86.75742012448
CARTHE_011,2012-09-02 04:00:00,27.38787038281,-86.76053212393
CARTHE_011,2012-09-02 04:15:00,27.38928936925,-86.76373820777
CARTHE_011,2012-09-02 04:30:00,27.39066868215,-86.7670881619
CARTHE_011,2012-09-02 04:45:00,27.39200657636,-86.77061028042
CARTHE_011,2012-09-02 05:00:00,27.39332302542,-86.7742955514
CARTHE_011,2012-09-02 05:15:00,27.39465053483,-86.77810015641
CARTHE_011,2012-09-02 05:30:00,27.39601800016,-86.78196447748
CARTHE_011,2012-09-02 05:45:00,27.39743778694,-86.78583556022
CARTHE_011,2012-09-02 06:00:00,27.39890435606,-86.78968109593
CARTHE_011,2012-09-02 06:15:00,27.40040447365,-86.79349148521
CARTHE_011,2012-09-02 06:30:00,27.40193144015,-86.79727305453
CARTHE_011,2012-09-02 06:45:00,27.40349344561,-86.80103770862
CARTHE_011,2012-09-02 07:00:00,27.40510936503,-86.80479389778
CARTHE_011,2012-09-02 07:15:00,27.40679443945,-86.80854137501
CARTHE_011,2012-09-02 07:30:00,27.40854658249,-86.81226979646
CARTHE_011,2012-09-02 07:45:00,27.41034306202,-86.81596134445
CARTHE_011,2012-09-02 08:00:00,27.41214907813,-86.81959797493
CARTHE_011,2012-09-02 08:15:00,27.4139320782,-86.82317019268
CARTHE_011,2012-09-02 08:30:00,27.41567448855,-86.82668072851
CARTHE_011,2012-09-02 08:45:00,27.41738047158,-86.83013966134
CARTHE_011,2012-09-02 09:00:00,27.41907444543,-86.83355466052
CARTHE_011,2012-09-02 09:15:00,27.42079104941,-86.83692442675
CARTHE_011,2012-09-02 09:30:00,27.42255946996,-86.84024190641
CARTHE_011,2012-09-02 09:45:00,27.42438946683,-86.84350609416
CARTHE_011,2012-09-02 10:00:00,27.42626756097,-86.84673260823
CARTHE_011,2012-09-02 10:15:00,27.4281654187,-86.8499520916
CARTHE_011,2012-09-02 10:30:00,27.4300545628,-86.85319497467
CARTHE_011,2012-09-02 10:45:00,27.43191930462,-86.85647352918
CARTHE_011,2012-09-02 11:00:00,27.43376240408,-86.85977510281
CARTHE_011,2012-09-02 11:15:00,27.43560182127,-86.86307157817
CARTHE_011,2012-09-02 11:30:00,27.43746102718,-86.86633810026
CARTHE_011,2012-09-02 11:45:00,27.43935843254,-86.86956795968
CARTHE_011,2012-09-02 12:00:00,27.44130151327,-86.87277501955
CARTHE_011,2012-09-02 12:15:00,27.44328730067,-86.87598548719
CARTHE_011,2012-09-02 12:30:00,27.44530602725,-86.87922546794
CARTHE_011,2012-09-02 12:45:00,27.44734407098,-86.88250871914
CARTHE_011,2012-09-02 13:00:00,27.44938548582,-86.88582776923
CARTHE_011,2012-09-02 13:15:00,27.45141385017,-86.88915329682
CARTHE_011,2012-09-02 13:30:00,27.45341591419,-86.89244608872
CARTHE_011,2012-09-02 13:45:00,27.45538657482,-86.89567766701
CARTHE_011,2012-09-02 14:00:00,27.45733217466,-86.89884676864
CARTHE_011,2012-09-02 14:15:00,27.4592680811,-86.9019806579
CARTHE_011,2012-09-02 14:30:00,27.46120999118,-86.90512143404
CARTHE_011,2012-09-02 14:45:00,27.46316442128,-86.90830654109
CARTHE_011,2012-09-02 15:00:00,27.46512571657,-86.91155424061
CARTHE_011,2012-09-02 15:15:00,27.46708222625,-86.91486070975
CARTHE_011,2012-09-02 15:30:00,27.4690268775,-86.91820781329
CARTHE_011,2012-09-02 15:45:00,27.47096357674,-86.92157439292
CARTHE_011,2012-09-02 16:00:00,27.47290447223,-86.92494394414
CARTHE_011,2012-09-02 16:15:00,27.47486074213,-86.92830710674
CARTHE_011,2012-09-02 16:30:00,27.47683409526,-86.9316628332
CARTHE_011,2012-09-02 16:45:00,27.47881428461,-86.93502066071
CARTHE_011,2012-09-02 17:00:00,27.4807833516,-86.93840108028
CARTHE_011,2012-09-02 17:15:00,27.48272356648,-86.94183000715
CARTHE_011,2012-09-02 17:30:00,27.48462435173,-86.94532776064
CARTHE_011,2012-09-02 17:45:00,27.48648458315,-86.948897922
CARTHE_011,2012-09-02 18:00:00,27.48830985562,-86.95252265141
CARTHE_011,2012-09-02 18:15:00,27.49010803846,-86.95616766676
CARTHE_011,2012-09-02 18:30:00,27.49188708932,-86.9597940929
CARTHE_011,2012-09-02 18:45:00,27.49365532657,-86.96336971021
CARTHE_011,2012-09-02 19:00:00,27.49542155324,-86.96687377503
CARTHE_011,2012-09-02 19:15:00,27.49719370285,-86.97029578149
CARTHE_011,2012-09-02 19:30:00,27.4989774626,-86.97363210545
CARTHE_011,2012-09-02 19:45:00,27.50077708273,-86.97688436835
CARTHE_011,2012-09-02 20:00:00,27.50259775405,-86.98006117078
CARTHE_011,2012-09-02 20:15:00,27.50444597787,-86.98318038424
CARTHE_011,2012-09-02 20:30:00,27.50632558822,-86.98626662134
CARTHE_011,2012-09-02 20:45:00,27.50823157551,-86.98934258524
CARTHE_011,2012-09-02 21:00:00,27.51014729998,-86.99241880862
CARTHE_011,2012-09-02 21:15:00,27.51204966835,-86.99548762657
CARTHE_011,2012-09-02 21:30:00,27.51392168569,-86.99852437054
CARTHE_011,2012-09-02 21:45:00,27.51576584609,-87.00149462986
CARTHE_011,2012-09-02 22:00:00,27.5176092276,-87.00436372856
CARTHE_011,2012-09-02 22:15:00,27.51949509934,-87.00710533986
CARTHE_011,2012-09-02 22:30:00,27.5214643822,-87.00970771066
CARTHE_011,2012-09-02 22:45:00,27.52353717459,-87.01217603002
CARTHE_011,2012-09-02 23:00:00,27.52570467821,-87.01452941161
CARTHE_011,2012-09-02 23:15:00,27.52793491522,-87.0167925899
CARTHE_011,2012-09-02 23:30:00,27.5301869428,-87.01898458606
CARTHE_011,2012-09-02 23:45:00,27.53242398487,-87.02110873505
CARTHE_011,2012-09-03 00:00:00,27.53461865982,-87.02314965615
CARTHE_011,2012-09-03 00:15:00,27.53675060811,-87.02508037989
CARTHE_011,2012-09-03 00:30:00,27.53880156625,-87.02687798771
CARTHE_011,2012-09-03 00:45:00,27.54075293192,-87.02854177241
CARTHE_011,2012-09-03 01:00:00,27.54258822457,-87.0301050268
CARTHE_011,2012-09-03 01:15:00,27.54429892547,-87.03163186829
CARTHE_011,2012-09-03 01:30:00,27.545889252,-87.03319719731
CARTHE_011,2012-09-03 01:45:00,27.54737557466,-87.03485817527
CARTHE_011,2012-09-03 02:00:00,27.54878007603,-87.03663255977
CARTHE_011,2012-09-03 02:15:00,27.55012310404,-87.03849696768
CARTHE_011,2012-09-03 02:30:00,27.55141923639,-87.04040634579
CARTHE_011,2012-09-03 02:45:00,27.55267800463,-87.04232196296
CARTHE_011,2012-09-03 03:00:00,27.55390626376,-87.04422988137
CARTHE_011,2012-09-03 03:15:00,27.5551087388,-87.04613991144
CARTHE_011,2012-09-03 03:30:00,27.55628544885,-87.04806926603
CARTHE_011,2012-09-03 03:45:00,27.55742736337,-87.0500244901
CARTHE_011,2012-09-03 04:00:00,27.55851451046,-87.05199388753
CARTHE_011,2012-09-03 04:15:00,27.55952085263,-87.0539538935
CARTHE_011,2012-09-03 04:30:00,27.56042534059,-87.05588362275
CARTHE_011,2012-09-03 04:45:00,27.56122323075,-87.05777760266
CARTHE_011,2012-09-03 05:00:00,27.56193048844,-87.05964988337
CARTHE_011,2012-09-03 05:15:00,27.56257857182,-87.06152925187
CARTHE_011,2012-09-03 05:30:00,27.5632036402,-87.06344899609
CARTHE_011,2012-09-03 05:45:00,27.56383625348,-87.06543508453
CARTHE_011,2012-09-03 06:00:00,27.56449477381,-87.06749713941
CARTHE_011,2012-09-03 06:15:00,27.56518256701,-87.06962698971
CARTHE_011,2012-09-03 06:30:00,27.56588814361,-87.07180636609
CARTHE_011,2012-09-03 06:45:00,27.56658864829,-87.07401885409
CARTHE_011,2012-09-03 07:00:00,27.56725785094,-87.07625816404
CARTHE_011,2012-09-03 07:15:00,27.56787701082,-87.07852916046
CARTHE_011,2012-09-03 07:30:00,27.56844331273,-87.08084433883
CARTHE_011,2012-09-03 07:45:00,27.56897064201,-87.08321939393
CARTHE_011,2012-09-03 08:00:00,27.56948163596,-87.0856685179
CARTHE_011,2012-09-03 08:15:00,27.56999558683,-87.08819885543
CARTHE_011,2012-09-03 08:30:00,27.57051946414,-87.09080554007
CARTHE_011,2012-09-03 08:45:00,27.57104658256,-87.09347125228
CARTHE_011,2012-09-03 09:00:00,27.57156248836,-87.09617424399
CARTHE_011,2012-09-03 09:15:00,27.57205470778,-87.09890426416
CARTHE_011,2012-09-03 09:30:00,27.57252164956,-87.10167827356
CARTHE_011,2012-09-03 09:45:00,27.57297612863,-87.10454378987
CARTHE_011,2012-09-03 10:00:00,27.57344159713,-87.107562568
CARTHE_011,2012-09-03 10:15:00,27.57394297597,-87.11078048314
CARTHE_011,2012-09-03 10:30:00,27.57449713122,-87.11420135223
CARTHE_011,2012-09-03 10:45:00,27.57510801038,-87.11778082463
CARTHE_011,2012-09-03 11:00:00,27.57576816752,-87.12144232151
CARTHE_011,2012-09-03 11:15:00,27.5764654958,-87.12510451695
CARTHE_011,2012-09-03 11:30:00,27.57719162617,-87.12870701128
CARTHE_011,2012-09-03 11:45:00,27.57794705439,-87.13222450911
CARTHE_011,2012-09-03 12:00:00,27.57874029166,-87.13566717839
CARTHE_011,2012-09-03 12:15:00,27.57958308407,-87.13907191916
CARTHE_011,2012-09-03 12:30:00,27.58048652165,-87.142490328
CARTHE_011,2012-09-03 12:45:00,27.58146088329,-87.14597594848
CARTHE_011,2012-09-03 13:00:00,27.5825174581,-87.14957087948
CARTHE_011,2012-09-03 13:15:00,27.58366822361,-87.15329362787
CARTHE_011,2012-09-03 13:30:00,27.58492177667,-87.15713305674
CARTHE_011,2012-09-03 13:45:00,27.58627876987,-87.16105233949
CARTHE_011,2012-09-03 14:00:00,27.58773144403,-87.16500129074
CARTHE_011,2012-09-03 14:15:00,27.58926765867,-87.16893031543
CARTHE_011,2012-09-03 14:30:00,27.59087578867,-87.17279991656
CARTHE_011,2012-09-03 14:45:00,27.59254715883,-87.1765839524
CARTHE_011,2012-09-03 15:00:00,27.59427552504,-87.18026751355
CARTHE_011,2012-09-03 15:15:00,27.59605504681,-87.18384140639
CARTHE_011,2012-09-03 15:30:00,27.59787868802,-87.18729614511
CARTHE_011,2012-09-03 15:45:00,27.59973895205,-87.19061924106
CARTHE_011,2012-09-03 16:00:00,27.60163150174,-87.19379863725
CARTHE_011,2012-09-03 16:15:00,27.60355947235,-87.19683003428
CARTHE_011,2012-09-03 16:30:00,27.60553469469,-87.19972174642
CARTHE_011,2012-09-03 16:45:00,27.60757310276,-87.2024932837
CARTHE_011,2012-09-03 17:00:00,27.60968482064,-87.20516850159
CARTHE_011,2012-09-03 17:15:00,27.61186374311,-87.20776650136
CARTHE_011,2012-09-03 17:30:00,27.6140834568,-87.21029513031
CARTHE_011,2012-09-03 17:45:00,27.61630269227,-87.21275225345
CARTHE_011,2012-09-03 18:00:00,27.61847751818,-87.2151346304
CARTHE_011,2012-09-03 18:15:00,27.62057492556,-87.21744610612
CARTHE_011,2012-09-03 18:30:00,27.62258292075,-87.21969589609
CARTHE_011,2012-09-03 18:45:00,27.6245129402,-87.22188695027
CARTHE_011,2012-09-03 19:00:00,27.62639270559,-87.22400576339
CARTHE_011,2012-09-03 19:15:00,27.628253069,-87.22602606764
CARTHE_011,2012-09-03 19:30:00,27.6301164134,-87.22792635113
CARTHE_011,2012-09-03 19:45:00,27.6319917329,-87.22970691158
CARTHE_011,2012-09-03 20:00:00,27.63387547844,-87.23139127571
CARTHE_011,2012-09-03 20:15:00,27.63575427029,-87.23301108211
CARTHE_011,2012-09-03 20:30:00,27.63760772473,-87.23458843185
CARTHE_011,2012-09-03 20:45:00,27.63941290508,-87.23613014518
CARTHE_011,2012-09-03 21:00:00,27.64115133274,-87.23763481905
CARTHE_011,2012-09-03 21:15:00,27.64281617021,-87.23910260405
CARTHE_011,2012-09-03 21:30:00,27.64441561807,-87.24053894978
CARTHE_011,2012-09-03 21:45:00,27.64597029771,-87.24195133077
CARTHE_011,2012-09-03 22:00:00,27.64750526802,-87.24334420976
CARTHE_011,2012-09-03 22:15:00,27.64903946522,-87.24471857099
CARTHE_011,2012-09-03 22:30:00,27.65057739913,-87.24607725509
CARTHE_011,2012-09-03 22:45:00,27.652108048,-87.24743057309
CARTHE_011,2012-09-03 23:00:00,27.65361257221,-87.24879593441
CARTHE_011,2012-09-03 23:15:00,27.65507698437,-87.25019016513
CARTHE_011,2012-09-03 23:30:00,27.65650137069,-87.25161791451
CARTHE_011,2012-09-03 23:45:00,27.65789859342,-87.25306297411
CARTHE_011,2012-09-04 00:00:00,27.65928329204,-87.25449120203
CARTHE_011,2012-09-04 00:15:00,27.66065954573,-87.25586819197
CARTHE_011,2012-09-04 00:30:00,27.66201565052,-87.25718064113
CARTHE_011,2012-09-04 00:45:00,27.66332786254,-87.25844361408
CARTHE_011,2012-09-04 01:00:00,27.66456856214,-87.25968823658
CARTHE_011,2012-09-04 01:15:00,27.66571332746,-87.26094160537
CARTHE_011,2012-09-04 01:30:00,27.66674472887,-87.26221445274
CARTHE_011,2012-09-04 01:45:00,27.66765371933,-87.26350252918
CARTHE_011,2012-09-04 02:00:00,27.66844043725,-87.26479638044
CARTHE_011,2012-09-04 02:15:00,27.66911543249,-87.2660901152
CARTHE_011,2012-09-04 02:30:00,27.66970044104,-87.26738382828
CARTHE_011,2012-09-04 02:45:00,27.67022656309,-87.26868120211
CARTHE_011,2012-09-04 03:00:00,27.67072833107,-87.26998739769
CARTHE_011,2012-09-04 03:15:00,27.6712347437,-87.27131125573
CARTHE_011,2012-09-04 03:30:00,27.67176121522,-87.27267064287
CARTHE_011,2012-09-04 03:45:00,27.67230675121,-87.27409292319
CARTHE_011,2012-09-04 04:00:00,27.67285759682,-87.27560383707
CARTHE_011,2012-09-04 04:15:00,27.67339457019,-87.27721048684
CARTHE_011,2012-09-04 04:30:00,27.6739006336,-87.27889289539
CARTHE_011,2012-09-04 04:45:00,27.67436700402,-87.28061306577
CARTHE_011,2012-09-04 05:00:00,27.67479653695,-87.2823365926
CARTHE_011,2012-09-04 05:15:00,27.67520311621,-87.28405156996
CARTHE_011,2012-09-04 05:30:00,27.67560707797,-87.28577206086
CARTHE_011,2012-09-04 05:45:00,27.67602795158,-87.28752674799
CARTHE_011,2012-09-04 06:00:00,27.67647644867,-87.28934385116
CARTHE_011,2012-09-04 06:15:00,27.67694826262,-87.29124237964
CARTHE_011,2012-09-04 06:30:00,27.67742263515,-87.2932326752
CARTHE_011,2012-09-04 06:45:00,27.67786766835,-87.29532370404
CARTHE_011,2012-09-04 07:00:00,27.6782511741,-87.29753129478
CARTHE_011,2012-09-04 07:15:00,27.67855297312,-87.29987995998
CARTHE_011,2012-09-04 07:30:00,27.67877395097,-87.30239488701
CARTHE_011,2012-09-04 07:45:00,27.67893837908,-87.30508854299
CARTHE_011,2012-09-04 08:00:00,27.67908864796,-87.30795024628
CARTHE_011,2012-09-04 08:15:00,27.67927420275,-87.31094536115
CARTHE_011,2012-09-04 08:30:00,27.67953794682,-87.31402571064
CARTHE_011,2012-09-04 08:45:00,27.67990442035,-87.31714711163
CARTHE_011,2012-09-04 09:00:00,27.68037498189,-87.32028625066
CARTHE_011,2012-09-04 09:15:00,27.68093417915,-87.32344892643
CARTHE_011,2012-09-04 09:30:00,27.68156570719,-87.32666472319
CARTHE_011,2012-09-04 09:45:00,27.68226840294,-87.32996982962
CARTHE_011,2012-09-04 10:00:00,27.68306112923,-87.33338726562
CARTHE_011,2012-09-04 10:15:00,27.68397270002,-87.33691614317
CARTHE_011,2012-09-04 10:30:00,27.6850236724,-87.34053596514
CARTHE_011,2012-09-04 10:45:00,27.68621320605,-87.34422218024
CARTHE_011,2012-09-04 11:00:00,27.68751967342,-87.3479620371
CARTHE_011,2012-09-04 11:15:00,27.68891230206,-87.35176009776
CARTHE_011,2012-09-04 11:30:00,27.69036490655,-87.35563108567
CARTHE_011,2012-09-04 11:45:00,27.69186514048,-87.35958672244
CARTHE_011,2012-09-04 12:00:00,27.69341718814,-87.36362473554
CARTHE_011,2012-09-04 12:15:00,27.69503801201,-87.36772433676
CARTHE_011,2012-09-04 12:30:00,27.69674856086,-87.37184794166
CARTHE_011,2012-09-04 12:45:00,27.69856296016,-87.37594705948
CARTHE_011,2012-09-04 13:00:00,27.70048043902,-87.37997068725
CARTHE_011,2012-09-04 13:15:00,27.70248434376,-87.38387368205
CARTHE_011,2012-09-04 13:30:00,27.70454887249,-87.38762091682
CARTHE_011,2012-09-04 13:45:00,27.70665088929,-87.3911853626
CARTHE_011,2012-09-04 14:00:00,27.70878222501,-87.39454459171
CARTHE_011,2012-09-04 14:15:00,27.71095560709,-87.3976814544
CARTHE_011,2012-09-04 14:30:00,27.71319872022,-87.4005889467
CARTHE_011,2012-09-04 14:45:00,27.7155382333,-87.40327428049
CARTHE_011,2012-09-04 15:00:00,27.71798351124,-87.40575742896
CARTHE_011,2012-09-04 15:15:00,27.72052074137,-87.40806369086
CARTHE_011,2012-09-04 15:30:00,27.72312113681,-87.41021471626
CARTHE_011,2012-09-04 15:45:00,27.72575738946,-87.41222449187
CARTHE_011,2012-09-04 16:00:00,27.7284178,-87.4141027128
CARTHE_011,2012-09-04 16:15:00,27.73111089233,-87.41586081403
CARTHE_011,2012-09-04 16:30:00,27.73385992274,-87.4175128863
CARTHE_011,2012-09-04 16:45:00,27.73669023703,-87.41906785395
CARTHE_011,2012-09-04 17:00:00,27.73961439583,-87.42051806271
CARTHE_011,2012-09-04 17:15:00,27.742622178,-87.42183461149
CARTHE_011,2012-09-04 17:30:00,27.74568041676,-87.42297535132
CARTHE_011,2012-09-04 17:45:00,27.7487411203,-87.42390225263
CARTHE_011,2012-09-04 18:00:00,27.75175207897,-87.42459846355
CARTHE_011,2012-09-04 18:15:00,27.7546653523,-87.42507421653
CARTHE_011,2012-09-04 18:30:00,27.75744321221,-87.42535737045
CARTHE_011,2012-09-04 18:45:00,27.76006389966,-87.42547621093
CARTHE_011,2012-09-04 19:00:00,27.76252793351,-87.42544757923
CARTHE_011,2012-09-04 19:15:00,27.76486125014,-87.42527831952
CARTHE_011,2012-09-04 19:30:00,27.76711031714,-87.42497845587
CARTHE_011,2012-09-04 19:45:00,27.76932873046,-87.42457654532
CARTHE_011,2012-09-04 20:00:00,27.77155988326,-87.42412504184
CARTHE_011,2012-09-04 20:15:00,27.77382238156,-87.42368885949
CARTHE_011,2012-09-04 20:30:00,27.77610373367,-87.42332251946
CARTHE_011,2012-09-04 20:45:00,27.77836524038,-87.42305161344
CARTHE_011,2012-09-04 21:00:00,27.78055674909,-87.42287126091
CARTHE_011,2012-09-04 21:15:00,27.78263459353,-87.42275957529
CARTHE_011,2012-09-04 21:30:00,27.7845742269,-87.42269370379
CARTHE_011,2012-09-04 21:45:00,27.78637256242,-87.42265817039
CARTHE_011,2012-09-04 22:00:00,27.78804064472,-87.42264350981
CARTHE_011,2012-09-04 22:15:00,27.78959181664,-87.42264039528
CARTHE_011,2012-09-04 22:30:00,27.79103179091,-87.42263727974
CARTHE_011,2012-09-04 22:45:00,27.79235512388,-87.42262489012
CARTHE_011,2012-09-04 23:00:00,27.79354929995,-87.42260266232
CARTHE_011,2012-09-04 23:15:00,27.79460349185,-87.42257945569
CARTHE_011,2012-09-04 23:30:00,27.79551617094,-87.4225669432
CARTHE_011,2012-09-04 23:45:00,27.79629744748,-87.42257231724
CARTHE_011,2012-09-05 00:00:00,27.79696618614,-87.4225979925
CARTHE_011,2012-09-05 00:15:00,27.79754414355,-87.42264799215
CARTHE_011,2012-09-05 00:30:00,27.79804985629,-87.42273409584
CARTHE_011,2012-09-05 00:45:00,27.79849497237,-87.42287611292
CARTHE_011,2012-09-05 01:00:00,27.7988849204,-87.42309578343
CARTHE_011,2012-09-05 01:15:00,27.79922271082,-87.42340786197
CARTHE_011,2012-09-05 01:30:00,27.79951206757,-87.42381367054
CARTHE_011,2012-09-05 01:45:00,27.79975756876,-87.42430165201
CARTHE_011,2012-09-05 02:00:00,27.79996226145,-87.42485527082
CARTHE_011,2012-09-05 02:15:00,27.80012454283,-87.42546281144
CARTHE_011,2012-09-05 02:30:00,27.80023575947,-87.42612169817
CARTHE_011,2012-09-05 02:45:00,27.80027963505,-87.42683478685
CARTHE_011,2012-09-05 03:00:00,27.80023516395,-87.42760309498
CARTHE_011,2012-09-05 03:15:00,27.80008385378,-87.42842230013
CARTHE_011,2012-09-05 03:30:00,27.79981893163,-87.42928636747
CARTHE_011,2012-09-05 03:45:00,27.7994503787,-87.43019468157
CARTHE_011,2012-09-05 04:00:00,27.79900060476,-87.43115581228
CARTHE_011,2012-09-05 04:15:00,27.79849264663,-87.43218488659
CARTHE_011,2012-09-05 04:30:00,27.79793895714,-87.43329705225
CARTHE_011,2012-09-05 04:45:00,27.79733847996,-87.43450053899
CARTHE_011,2012-09-05 05:00:00,27.79668370291,-87.43579221524
CARTHE_011,2012-09-05 05:15:00,27.79597230337,-87.43715923104
CARTHE_011,2012-09-05 05:30:00,27.79521481233,-87.43858847807
CARTHE_011,2012-09-05 05:45:00,27.79443237582,-87.44007925237
CARTHE_011,2012-09-05 06:00:00,27.79364597764,-87.44164955251
CARTHE_011,2012-09-05 06:15:00,27.79286557319,-87.44333023233
CARTHE_011,2012-09-05 06:30:00,27.79208758293,-87.44515085873
CARTHE_011,2012-09-05 06:45:00,27.79130246852,-87.44712591701
CARTHE_011,2012-09-05 07:00:00,27.79050636106,-87.44924784076
CARTHE_011,2012-09-05 07:15:00,27.78970788521,-87.45148938309
CARTHE_011,2012-09-05 07:30:00,27.78892626373,-87.45381325531
CARTHE_011,2012-09-05 07:45:00,27.78818484043,-87.45618404575
CARTHE_011,2012-09-05 08:00:00,27.78750527596,-87.45857882304
CARTHE_011,2012-09-05 08:15:00,27.7869027403,-87.46099482729
CARTHE_011,2012-09-05 08:30:00,27.78638119496,-87.4634511807
CARTHE_011,2012-09-05 08:45:00,27.78593127903,-87.46598116494
CARTHE_011,2012-09-05 09:00:00,27.78553423149,-87.46861677167
CARTHE_011,2012-09-05 09:15:00,27.78517174215,-87.47137271618
CARTHE_011,2012-09-05 09:30:00,27.78483791313,-87.47423810454
CARTHE_011,2012-09-05 09:45:00,27.78454747478,-87.47718135049
CARTHE_011,2012-09-05 10:00:00,27.78433572276,-87.48016698458
CARTHE_011,2012-09-05 10:15:00,27.78425039808,-87.48317367415
CARTHE_011,2012-09-05 10:30:00,27.78433878919,-87.48620139409
CARTHE_011,2012-09-05 10:45:00,27.78463349054,-87.4892650574
CARTHE_011,2012-09-05 11:00:00,27.7851413893,-87.49238137654
CARTHE_011,2012-09-05 11:15:00,27.78584100476,-87.49555700682
CARTHE_011,2012-09-05 11:30:00,27.78669061354,-87.498782319
CARTHE_011,2012-09-05 11:45:00,27.78764463973,-87.50203148772
CARTHE_011,2012-09-05 12:00:00,27.78867045823,-87.50526766596
CARTHE_011,2012-09-05 12:15:00,27.78975686453,-87.50845188425
CARTHE_011,2012-09-05 12:30:00,27.79091074861,-87.51155352183
CARTHE_011,2012-09-05 12:45:00,27.79214557326,-87.51455867827
CARTHE_011,2012-09-05 13:00:00,27.7934692506,-87.51747299826
CARTHE_011,2012-09-05 13:15:00,27.79487764826,-87.52031823451
CARTHE_011,2012-09-05 13:30:00,27.79635548124,-87.52312454197
CARTHE_011,2012-09-05 13:45:00,27.79788245187,-87.5259214686
CARTHE_011,2012-09-05 14:00:00,27.79944079411,-87.52873026109
CARTHE_011,2012-09-05 14:15:00,27.80102065271,-87.53155936897
CARTHE_011,2012-09-05 14:30:00,27.80262127685,-87.53440417462
CARTHE_011,2012-09-05 14:45:00,27.80424828914,-87.53725061675
CARTHE_011,2012-09-05 15:00:00,27.80590966497,-87.54008045959
CARTHE_011,2012-09-05 15:15:00,27.80761393931,-87.54287474756
CARTHE_011,2012-09-05 15:30:00,27.80937178281,-87.54561349506
CARTHE_011,2012-09-05 15:45:00,27.81119864792,-87.54827434153
CARTHE_011,2012-09-05 16:00:00,27.81311506281,-87.55083602937
CARTHE_011,2012-09-05 16:15:00,27.81514156125,-87.55328702296
CARTHE_011,2012-09-05 16:30:00,27.81728841811,-87.55563119158
CARTHE_011,2012-09-05 16:45:00,27.81954598521,-87.55788384723
CARTHE_011,2012-09-05 17:00:00,27.82188153679,-87.56005888863
CARTHE_011,2012-09-05 17:15:00,27.82424341372,-87.56215348221
CARTHE_011,2012-09-05 17:30:00,27.82657187743,-87.56414046024
CARTHE_011,2012-09-05 17:45:00,27.82881536541,-87.56597559498
CARTHE_011,2012-09-05 18:00:00,27.83094610696,-87.56761700901
CARTHE_011,2012-09-05 18:15:00,27.83296675708,-87.56904658252
CARTHE_011,2012-09-05 18:30:00,27.83490386906,-87.57028252831
CARTHE_011,2012-09-05 18:45:00,27.83679092918,-87.57137618461
CARTHE_011,2012-09-05 19:00:00,27.83864959604,-87.57239286367
CARTHE_011,2012-09-05 19:15:00,27.84048018735,-87.57338505054
CARTHE_011,2012-09-05 19:30:00,27.84226796104,-87.57437202496
CARTHE_011,2012-09-05 19:45:00,27.84399956758,-87.57533690389
CARTHE_011,2012-09-05 20:00:00,27.84567542861,-87.57624158054
CARTHE_011,2012-09-05 20:15:00,27.84730968302,-87.57705022087
CARTHE_011,2012-09-05 20:30:00,27.84891986561,-87.57774739427
CARTHE_011,2012-09-05 20:45:00,27.85051329327,-87.57834127688
CARTHE_011,2012-09-05 21:00:00,27.85207723505,-87.57885322613
CARTHE_011,2012-09-05 21:15:00,27.85357788439,-87.57930346639
CARTHE_011,2012-09-05 21:30:00,27.85496958142,-87.57970336588
CARTHE_011,2012-09-05 21:45:00,27.85621077656,-87.58005847174
CARTHE_011,2012-09-05 22:00:00,27.85727866412,-87.58037796603
CARTHE_011,2012-09-05 22:15:00,27.8581741302,-87.5806818288
CARTHE_011,2012-09-05 22:30:00,27.85891504709,-87.58099954186
CARTHE_011,2012-09-05 22:45:00,27.85952486291,-87.5813601107
CARTHE_011,2012-09-05 23:00:00,27.86002557213,-87.58177863163
CARTHE_011,2012-09-05 23:15:00,27.8604373807,-87.58224906142
CARTHE_011,2012-09-05 23:30:00,27.86078047448,-87.58275097958
CARTHE_011,2012-09-05 23:45:00,27.86107341658,-87.58326680886
CARTHE_011,2012-09-06 00:00:00,27.86132692176,-87.583795894
CARTHE_011,2012-09-06 00:15:00,27.86153732679,-87.58435468032
CARTHE_011,2012-09-06 00:30:00,27.86168635885,-87.58496403158
CARTHE_011,2012-09-06 00:45:00,27.86175005013,-87.58563376428
CARTHE_011,2012-09-06 01:00:00,27.86171234108,-87.58635433832
CARTHE_011,2012-09-06 01:15:00,27.86157419684,-87.58709841462
CARTHE_011,2012-09-06 01:30:00,27.86135238095,-87.58782930392
CARTHE_011,2012-09-06 01:45:00,27.8610712422,-87.58851393882
CARTHE_011,2012-09-06 02:00:00,27.86075550871,-87.58913931222
CARTHE_011,2012-09-06 02:15:00,27.86042873554,-87.58972720023
CARTHE_011,2012-09-06 02:30:00,27.86011588117,-87.59033805344
CARTHE_011,2012-09-06 02:45:00,27.85984426618,-87.59105860115
CARTHE_011,2012-09-06 03:00:00,27.85963841725,-87.59197649923
CARTHE_011,2012-09-06 03:15:00,27.85951090471,-87.59315318659
CARTHE_011,2012-09-06 03:30:00,27.85945749924,-87.59460762797
CARTHE_011,2012-09-06 03:45:00,27.85946274667,-87.59631747489
CARTHE_011,2012-09-06 04:00:00,27.85951201344,-87.59823466867
CARTHE_011,2012-09-06 04:15:00,27.85959937464,-87.60030598163
CARTHE_011,2012-09-06 04:30:00,27.85972573169,-87.60249068392
CARTHE_011,2012-09-06 04:45:00,27.85989190542,-87.60477223009
CARTHE_011,2012-09-06 05:00:00,27.86009519267,-87.60716140676
CARTHE_011,2012-09-06 05:15:00,27.86033244773,-87.60968797981
CARTHE_011,2012-09-06 05:30:00,27.86060567458,-87.61238187699
CARTHE_011,2012-09-06 05:45:00,27.86092461132,-87.61525233423
CARTHE_011,2012-09-06 06:00:00,27.86130398683,-87.61827809039
CARTHE_011,2012-09-06 06:15:00,27.86175560251,-87.62141697468
CARTHE_011,2012-09-06 06:30:00,27.8622781225,-87.62462921395
CARTHE_011,2012-09-06 06:45:00,27.8628531839,-87.62789671731
CARTHE_011,2012-09-06 07:00:00,27.86345537343,-87.63122391136
CARTHE_011,2012-09-06 07:15:00,27.86407122852,-87.6346222332
CARTHE_011,2012-09-06 07:30:00,27.86471234767,-87.63809316888
CARTHE_011,2012-09-06 07:45:00,27.86541248349,-87.64162226452
CARTHE_011,2012-09-06 08:00:00,27.86621239665,-87.64518466948
CARTHE_011,2012-09-06 08:15:00,27.86714395938,-87.64875503434
CARTHE_011,2012-09-06 08:30:00,27.86822202488,-87.65231486193
CARTHE_011,2012-09-06 08:45:00,27.86944547434,-87.65585454438
CARTHE_011,2012-09-06 09:00:00,27.87080378784,-87.65937109809
CARTHE_011,2012-09-06 09:15:00,27.87228430345,-87.6628642499
CARTHE_011,2012-09-06 09:30:00,27.87387693434,-87.66633319953
CARTHE_011,2012-09-06 09:45:00,27.8755755377,-87.66977511756
CARTHE_011,2012-09-06 10:00:00,27.87737689407,-87.67318523405
CARTHE_011,2012-09-06 10:15:00,27.87927884522,-87.67655775154
CARTHE_011,2012-09-06 10:30:00,27.88127879938,-87.67988680144
CARTHE_011,2012-09-06 10:45:00,27.88337310043,-87.68316699581
CARTHE_011,2012-09-06 11:00:00,27.88555715085,-87.68639350876
CARTHE_011,2012-09-06 11:15:00,27.88782589485,-87.68956186351
CARTHE_011,2012-09-06 11:30:00,27.89017428793,-87.69266765966
CARTHE_011,2012-09-06 11:45:00,27.89259755532,-87.69570640277
CARTHE_011,2012-09-06 12:00:00,27.89509122432,-87.6986734807
CARTHE_011,2012-09-06 12:15:00,27.89765101887,-87.70156423507
CARTHE_011,2012-09-06 12:30:00,27.90027271867,-87.70437403408
CARTHE_011,2012-09-06 12:45:00,27.90295204656,-87.70709826752
CARTHE_011,2012-09-06 13:00:00,27.90568460291,-87.70973224426
CARTHE_011,2012-09-06 13:15:00,27.90846584509,-87.71227105117
CARTHE_011,2012-09-06 13:30:00,27.91129111456,-87.71470950017
CARTHE_011,2012-09-06 13:45:00,27.91415572536,-87.7170423044
CARTHE_011,2012-09-06 14:00:00,27.91705512075,-87.71926455431
CARTHE_011,2012-09-06 14:15:00,27.91998506688,-87.72137240937
CARTHE_011,2012-09-06 14:30:00,27.9229417995,-87.72336374787
CARTHE_011,2012-09-06 14:45:00,27.92592201291,-87.72523844939
CARTHE_011,2012-09-06 15:00:00,27.92892262765,-87.72699814071
CARTHE_011,2012-09-06 15:15:00,27.9319404059,-87.72864559
CARTHE_011,2012-09-06 15:30:00,27.93497164301,-87.73018424358
CARTHE_011,2012-09-06 15:45:00,27.93801223898,-87.7316183702
CARTHE_011,2012-09-06 16:00:00,27.94105834211,-87.73295383036
CARTHE_011,2012-09-06 16:15:00,27.94410742652,-87.73419882647
CARTHE_011,2012-09-06 16:30:00,27.94715920757,-87.73536351418
CARTHE_011,2012-09-06 16:45:00,27.95021546284,-87.73645750981
CARTHE_011,2012-09-06 17:00:00,27.95327795028,-87.7374853627
CARTHE_011,2012-09-06 17:15:00,27.95634444236,-87.7384417433
CARTHE_011,2012-09-06 17:30:00,27.95940430161,-87.73930954449
CARTHE_011,2012-09-06 17:45:00,27.96243631208,-87.74006396371
CARTHE_011,2012-09-06 18:00:00,27.96541149965,-87.74068290392
CARTHE_011,2012-09-06 18:15:00,27.96830143198,-87.74115929642
CARTHE_011,2012-09-06 18:30:00,27.97108834757,-87.74150745749
CARTHE_011,2012-09-06 18:45:00,27.97377047548,-87.7417575267
CARTHE_011,2012-09-06 19:00:00,27.97635869597,-87.74193931742
CARTHE_011,2012-09-06 19:15:00,27.97886859636,-87.74206436858
CARTHE_011,2012-09-06 19:30:00,27.98131576828,-87.74211766415
CARTHE_011,2012-09-06 19:45:00,27.98371607337,-87.74206579361
CARTHE_011,2012-09-06 20:00:00,27.9860850147,-87.74187736953
CARTHE_011,2012-09-06 20:15:00,27.98843187502,-87.74154275524
CARTHE_011,2012-09-06 20:30:00,27.99075093735,-87.74108208709
CARTHE_011,2012-09-06 20:45:00,27.99301593774,-87.74053952651
CARTHE_011,2012-09-06 21:00:00,27.9951832968,-87.73996874715
CARTHE_011,2012-09-06 21:15:00,27.99720491897,-87.7394175934
CARTHE_011,2012-09-06 21:30:00,27.99904541482,-87.73891928338
CARTHE_011,2012-09-06 21:45:00,28.00069519549,-87.73849366186
CARTHE_011,2012-09-06 22:00:00,28.00217207831,-87.7381559858
CARTHE_011,2012-09-06 22:15:00,28.00350985658,-87.73792583497
CARTHE_011,2012-09-06 22:30:00,28.00473984379,-87.73782979219
CARTHE_011,2012-09-06 22:45:00,28.00587575405,-87.73789789289
CARTHE_011,2012-09-06 23:00:00,28.00690979574,-87.73815752648
CARTHE_011,2012-09-06 23:15:00,28.00782053198,-87.73862687224
CARTHE_011,2012-09-06 23:30:00,28.00858798044,-87.73930788532
CARTHE_011,2012-09-06 23:45:00,28.00920926899,-87.74018139436
CARTHE_011,2012-09-07 00:00:00,28.00970637781,-87.74120986565
CARTHE_011,2012-09-07 00:15:00,28.01012035836,-87.74235011407
CARTHE_011,2012-09-07 00:30:00,28.01049558913,-87.74357053118
CARTHE_011,2012-09-07 00:45:00,28.01086422055,-87.74486354667
CARTHE_011,2012-09-07 01:00:00,28.01123875079,-87.74624771673
CARTHE_011,2012-09-07 01:15:00,28.01161424823,-87.74775989064
CARTHE_011,2012-09-07 01:30:00,28.01197689158,-87.74944168375
CARTHE_011,2012-09-07 01:45:00,28.01231396304,-87.75132548792
CARTHE_011,2012-09-07 02:00:00,28.01262123171,-87.75342480305
CARTHE_011,2012-09-07 02:15:00,28.01290534541,-87.7557325331
CARTHE_011,2012-09-07 02:30:00,28.01318072415,-87.75822855118
CARTHE_011,2012-09-07 02:45:00,28.0134625793,-87.76089367082
CARTHE_011,2012-09-07 03:00:00,28.01375989394,-87.76372261543
CARTHE_011,2012-09-07 03:15:00,28.0140728523,-87.76672813407
CARTHE_011,2012-09-07 03:30:00,28.01439591133,-87.76993459961
CARTHE_011,2012-09-07 03:45:00,28.01472265597,-87.77336549164
CARTHE_011,2012-09-07 04:00:00,28.01504876072,-87.77703023844
CARTHE_011,2012-09-07 04:15:00,28.01537399793,-87.78091622405
CARTHE_011,2012-09-07 04:30:00,28.01570552076,-87.78499047154
CARTHE_011,2012-09-07 04:45:00,28.01606165506,-87.7892107881
CARTHE_011,2012-09-07 05:00:00,28.01647319365,-87.79354062047
CARTHE_011,2012-09-07 05:15:00,28.0169793623,-87.79795932715
CARTHE_011,2012-09-07 05:30:00,28.01761823455,-87.8024615955
CARTHE_011,2012-09-07 05:45:00,28.01841601757,-87.80704709614
CARTHE_011,2012-09-07 06:00:00,28.01938171981,-87.8117096382
CARTHE_011,2012-09-07 06:15:00,28.02050990422,-87.8164341073
CARTHE_011,2012-09-07 06:30:00,28.02178845007,-87.8212009129
CARTHE_011,2012-09-07 06:45:00,28.02320619633,-87.82599256235
CARTHE_011,2012-09-07 07:00:00,28.02475715734,-87.83079784751
CARTHE_011,2012-09-07 07:15:00,28.02644085789,-87.83561226829
CARTHE_011,2012-09-07 07:30:00,28.02826023576,-87.84043578024
CARTHE_011,2012-09-07 07:45:00,28.03021899798,-87.84526978196
CARTHE_011,2012-09-07 08:00:00,28.03231974486,-87.85011480946
CARTHE_011,2012-09-07 08:15:00,28.03456331462,-87.85496949964
CARTHE_011,2012-09-07 08:30:00,28.0369491649,-87.85983067826
CARTHE_011,2012-09-07 08:45:00,28.03947634178,-87.86469415602
CARTHE_011,2012-09-07 09:00:00,28.04214456844,-87.86955585178
CARTHE_011,2012-09-07 09:15:00,28.04495502519,-87.87441293641
CARTHE_011,2012-09-07 09:30:00,28.0479104091,-87.87926462148
CARTHE_011,2012-09-07 09:45:00,28.05101393521,-87.8841120452
CARTHE_011,2012-09-07 10:00:00,28.05426723286,-87.8889566759
CARTHE_011,2012-09-07 10:15:00,28.05766766122,-87.89379704316
CARTHE_011,2012-09-07 10:30:00,28.0612062145,-87.89862448204
CARTHE_011,2012-09-07 10:45:00,28.06486742877,-87.903419584
CARTHE_011,2012-09-07 11:00:00,28.06863204857,-87.90815146138
CARTHE_011,2012-09-07 11:15:00,28.07248173613,-87.91278113797
CARTHE_011,2012-09-07 11:30:00,28.07640377519,-87.91726866146
CARTHE_011,2012-09-07 11:45:00,28.08039365556,-87.92158221533
CARTHE_011,2012-09-07 12:00:00,28.08445530155,-87.92570703995
CARTHE_011,2012-09-07 12:15:00,28.08860069002,-87.92965003258
CARTHE_011,2012-09-07 12:30:00,28.09284905869,-87.93343366933
CARTHE_011,2012-09-07 12:45:00,28.09722411755,-87.93707791562
CARTHE_011,2012-09-07 13:00:00,28.10174905564,-87.94057882802
CARTHE_011,2012-09-07 13:15:00,28.10644018657,-87.94389681435
CARTHE_011,2012-09-07 13:30:00,28.11130046962,-87.9469640491
CARTHE_011,2012-09-07 13:45:00,28.11631605517,-87.9497111205
CARTHE_011,2012-09-07 14:00:00,28.12145880194,-87.95209871823
CARTHE_011,2012-09-07 14:15:00,28.1266934046,-87.95413444453
CARTHE_011,2012-09-07 14:30:00,28.13198402109,-87.95586574384
CARTHE_011,2012-09-07 14:45:00,28.13729573468,-87.95735617627
CARTHE_011,2012-09-07 15:00:00,28.14259049167,-87.95866098975
CARTHE_011,2012-09-07 15:15:00,28.14782228976,-87.9598144331
CARTHE_011,2012-09-07 15:30:00,28.15293848837,-87.96083071296
CARTHE_011,2012-09-07 15:45:00,28.15789079622,-87.96171361089
CARTHE_011,2012-09-07 16:00:00,28.16265197969,-87.96246786905
CARTHE_011,2012-09-07 16:15:00,28.16722857067,-87.96310534139
CARTHE_011,2012-09-07 16:30:00,28.17166079964,-87.96364205184
CARTHE_011,2012-09-07 16:45:00,28.1760078156,-87.9640884687
CARTHE_011,2012-09-07 17:00:00,28.18032453639,-87.96444020362
CARTHE_011,2012-09-07 17:15:00,28.18464122364,-87.96467542829
CARTHE_011,2012-09-07 17:30:00,28.18895563003,-87.9647608318
CARTHE_011,2012-09-07 17:45:00,28.19324087201,-87.96466384719
CARTHE_011,2012-09-07 18:00:00,28.19746332868,-87.96436636738
CARTHE_011,2012-09-07 18:15:00,28.20159956987,-87.9638744505
CARTHE_011,2012-09-07 18:30:00,28.20564378042,-87.9632185635
CARTHE_011,2012-09-07 18:45:00,28.2096044676,-87.96244133641
CARTHE_011,2012-09-07 19:00:00,28.2134943595,-87.96157734512
CARTHE_011,2012-09-07 19:15:00,28.21731820426,-87.96063671738
CARTHE_011,2012-09-07 19:30:00,28.22106285577,-87.95960546424
CARTHE_011,2012-09-07 19:45:00,28.22469395952,-87.95846738636
CARTHE_011,2012-09-07 20:00:00,28.22816217217,-87.95723718082
CARTHE_011,2012-09-07 20:15:00,28.2314181681,-87.95598303962
CARTHE_011,2012-09-07 20:30:00,28.23443101875,-87.95482007212
CARTHE_011,2012-09-07 20:45:00,28.23720121093,-87.95387309823
CARTHE_011,2012-09-07 21:00:00,28.23975996855,-87.953227616
CARTHE_011,2012-09-07 21:15:00,28.24215312343,-87.95289636085
CARTHE_011,2012-09-07 21:30:00,28.24441865073,-87.9528195438
CARTHE_011,2012-09-07 21:45:00,28.24657326348,-87.95289776889
CARTHE_011,2012-09-07 22:00:00,28.24861572251,-87.95304038607
CARTHE_011,2012-09-07 22:15:00,28.25053974266,-87.95320492232
CARTHE_011,2012-09-07 22:30:00,28.25234409304,-87.95340943281
CARTHE_011,2012-09-07 22:45:00,28.25403403667,-87.95371493407
CARTHE_011,2012-09-07 23:00:00,28.25561715627,-87.9541882535
CARTHE_011,2012-09-07 23:15:00,28.25710026332,-87.9548632012
CARTHE_011,2012-09-07 23:30:00,28.25849030164,-87.95571863189
CARTHE_011,2012-09-07 23:45:00,28.25979618329,-87.95668518899
CARTHE_011,2012-09-08 00:00:00,28.26102810239,-87.95768002803
CARTHE_011,2012-09-08 00:15:00,28.26219508621,-87.95865117789
CARTHE_011,2012-09-08 00:30:00,28.26330315985,-87.95960342453
CARTHE_011,2012-09-08 00:45:00,28.264355391,-87.96058982203
CARTHE_011,2012-09-08 01:00:00,28.26535418294,-87.96167794817
CARTHE_011,2012-09-08 01:15:00,28.26630524863,-87.96291567185
CARTHE_011,2012-09-08 01:30:00,28.26722108047,-87.96431634004
CARTHE_011,2012-09-08 01:45:00,28.26812080386,-87.96586544302
CARTHE_011,2012-09-08 02:00:00,28.26902512552,-87.96753736954
CARTHE_011,2012-09-08 02:15:00,28.26994854664,-87.96931005006
CARTHE_011,2012-09-08 02:30:00,28.27089318374,-87.97117154079
CARTHE_011,2012-09-08 02:45:00,28.27184877067,-87.97311876155
CARTHE_011,2012-09-08 03:00:00,28.2727996456,-87.97515156491
CARTHE_011,2012-09-08 03:15:00,28.27373363925,-87.9772660679
CARTHE_011,2012-09-08 03:30:00,28.27464764925,-87.97945143886
CARTHE_011,2012-09-08 03:45:00,28.27554903058,-87.9816933531
CARTHE_011,2012-09-08 04:00:00,28.27645366658,-87.98398261892
CARTHE_011,2012-09-08 04:15:00,28.27738140294,-87.98632183254
CARTHE_011,2012-09-08 04:30:00,28.27835031265,-87.9887235421
CARTHE_011,2012-09-08 04:45:00,28.27937185554,-87.99120059513
CARTHE_011,2012-09-08 05:00:00,28.28044828524,-87.99375526957
CARTHE_011,2012-09-08 05:15:00,28.28157255825,-87.99637340676
CARTHE_011,2012-09-08 05:30:00,28.28273061512,-87.99902563034
CARTHE_011,2012-09-08 05:45:00,28.2839055377,-88.00167431001
CARTHE_011,2012-09-08 06:00:00,28.28508166564,-88.00428291952
CARTHE_011,2012-09-08 06:15:00,28.28624670889,-88.00682496196
CARTHE_011,2012-09-08 06:30:00,28.28739283313,-88.00929224725
CARTHE_011,2012-09-08 06:45:00,28.2885189463,-88.01170191941
CARTHE_011,2012-09-08 07:00:00,28.28963346331,-88.0140975287
CARTHE_011,2012-09-08 07:15:00,28.29075382308,-88.01653812515
CARTHE_011,2012-09-08 07:30:00,28.29190127933,-88.0190770067
CARTHE_011,2012-09-08 07:45:00,28.2930942336,-88.02174123201
CARTHE_011,2012-09-08 08:00:00,28.29434426556,-88.02452217473
CARTHE_011,2012-09-08 08:15:00,28.29565624122,-88.02737914355
CARTHE_011,2012-09-08 08:30:00,28.29703092931,-88.0302516614
CARTHE_011,2012-09-08 08:45:00,28.29846742901,-88.03307465018
CARTHE_011,2012-09-08 09:00:00,28.29996358313,-88.03579254503
CARTHE_011,2012-09-08 09:15:00,28.30151456788,-88.03837016634
CARTHE_011,2012-09-08 09:30:00,28.30311176617,-88.04079858098
CARTHE_011,2012-09-08 09:45:00,28.3047445635,-88.04309417185
CARTHE_011,2012-09-08 10:00:00,28.30640591853,-88.04529078195
CARTHE_011,2012-09-08 10:15:00,28.30809883061,-88.04742817375
CARTHE_011,2012-09-08 10:30:00,28.30983820248,-88.04954146542
CARTHE_011,2012-09-08 10:45:00,28.31164499169,-88.05165406279
CARTHE_011,2012-09-08 11:00:00,28.31353605869,-88.05377510519
CARTHE_011,2012-09-08 11:15:00,28.31551661366,-88.05590235668
CARTHE_011,2012-09-08 11:30:00,28.31757851014,-88.05802874459
CARTHE_011,2012-09-08 11:45:00,28.31970308784,-88.06014759665
CARTHE_011,2012-09-08 12:00:00,28.32186586408,-88.06225269816
CARTHE_011,2012-09-08 12:15:00,28.32404057578,-88.06433341831
CARTHE_011,2012-09-08 12:30:00,28.32620232288,-88.06637001372
CARTHE_011,2012-09-08 12:45:00,28.32833046782,-88.06833496385
CARTHE_011,2012-09-08 13:00:00,28.33041080202,-88.07020120818
CARTHE_011,2012-09-08 13:15:00,28.33243664347,-88.07195160613
CARTHE_011,2012-09-08 13:30:00,28.33440939419,-88.07358136361
CARTHE_011,2012-09-08 13:45:00,28.33633842046,-88.07509059294
CARTHE_011,2012-09-08 14:00:00,28.33823880403,-88.07647474108
CARTHE_011,2012-09-08 14:15:00,28.34012628064,-88.0777233321
CARTHE_011,2012-09-08 14:30:00,28.34201100613,-88.07882743154
CARTHE_011,2012-09-08 14:45:00,28.34389356373,-88.07978891685
CARTHE_011,2012-09-08 15:00:00,28.34576566897,-88.08062436334
CARTHE_011,2012-09-08 15:15:00,28.34761501586,-88.08136008846
CARTHE_011,2012-09-08 15:30:00,28.34943046444,-88.0820213759
CARTHE_011,2012-09-08 15:45:00,28.35120301774,-88.08262242252
CARTHE_011,2012-09-08 16:00:00,28.35292144313,-88.08316262841
CARTHE_011,2012-09-08 16:15:00,28.35456626054,-88.08363167155
CARTHE_011,2012-09-08 16:30:00,28.35610824753,-88.08402001283
CARTHE_011,2012-09-08 16:45:00,28.3575154857,-88.08432757162
CARTHE_011,2012-09-08 17:00:00,28.35876720452,-88.08456601452
CARTHE_011,2012-09-08 17:15:00,28.35986679565,-88.08475565602
CARTHE_011,2012-09-08 17:30:00,28.3608443343,-88.0849207549
CARTHE_011,2012-09-08 17:45:00,28.36174338364,-88.08508559437
CARTHE_011,2012-09-08 18:00:00,28.36259707196,-88.08527097426
CARTHE_011,2012-09-08 18:15:00,28.36340794726,-88.08549082906
CARTHE_011,2012-09-08 18:30:00,28.36414558203,-88.08575087902
CARTHE_011,2012-09-08 18:45:00,28.36476417854,-88.08604988295
CARTHE_011,2012-09-08 19:00:00,28.36522914928,-88.08638099639
CARTHE_011,2012-09-08 19:15:00,28.36553690968,-88.08673182944
CARTHE_011,2012-09-08 19:30:00,28.36571714979,-88.08708482045
CARTHE_011,2012-09-08 19:45:00,28.3658169626,-88.08742085575
CARTHE_011,2012-09-08 20:00:00,28.36587654479,-88.08772749944
CARTHE_011,2012-09-08 20:15:00,28.36591120347,-88.08800813002
CARTHE_011,2012-09-08 20:30:00,28.36590983395,-88.08828479154
CARTHE_011,2012-09-08 20:45:00,28.36584820264,-88.08859161654
CARTHE_011,2012-09-08 21:00:00,28.36570644479,-88.08896337592
CARTHE_011,2012-09-08 21:15:00,28.36548103185,-88.08942620249
CARTHE_011,2012-09-08 21:30:00,28.36518808325,-88.08999392155
CARTHE_011,2012-09-08 21:45:00,28.36486025427,-88.09066899147
CARTHE_011,2012-09-08 22:00:00,28.36454060207,-88.09144538518
CARTHE_011,2012-09-08 22:15:00,28.36427509059,-88.09231188086
CARTHE_011,2012-09-08 22:30:00,28.36410380808,-88.09325603679
CARTHE_011,2012-09-08 22:45:00,28.36405190532,-88.09426920693
CARTHE_011,2012-09-08 23:00:00,28.36412382563,-88.09535123255
CARTHE_011,2012-09-08 23:15:00,28.36430408402,-88.09651195004
CARTHE_011,2012-09-08 23:30:00,28.36456369339,-88.09776692606
CARTHE_011,2012-09-08 23:45:00,28.36486883221,-88.09912809492
CARTHE_011,2012-09-09 00:00:00,28.36518935433,-88.10059367498
CARTHE_011,2012-09-09 00:15:00,28.36550555826,-88.10214281777
CARTHE_011,2012-09-09 00:30:00,28.36581155189,-88.10373837775
CARTHE_011,2012-09-09 00:45:00,28.36611452424,-88.10533657518
CARTHE_011,2012-09-09 01:00:00,28.36643097695,-88.10689955321
CARTHE_011,2012-09-09 01:15:00,28.36678142381,-88.10840675048
CARTHE_011,2012-09-09 01:30:00,28.36718407782,-88.10986179531
CARTHE_011,2012-09-09 01:45:00,28.36764833221,-88.11129289369
CARTHE_011,2012-09-09 02:00:00,28.36817171822,-88.11274496061
CARTHE_011,2012-09-09 02:15:00,28.36874463724,-88.11426413344
CARTHE_011,2012-09-09 02:30:00,28.36936121496,-88.1158816736
CARTHE_011,2012-09-09 02:45:00,28.37002869904,-88.11760643299
CARTHE_011,2012-09-09 03:00:00,28.37076897759,-88.11942741725
CARTHE_011,2012-09-09 03:15:00,28.37160926673,-88.12132088483
CARTHE_011,2012-09-09 03:30:00,28.3725643636,-88.12325804751
CARTHE_011,2012-09-09 03:45:00,28.37362150342,-88.12521333107
CARTHE_011,2012-09-09 04:00:00,28.37473974866,-88.12717212464
CARTHE_011,2012-09-09 04:15:00,28.37586469014,-88.12913375457
CARTHE_011,2012-09-09 04:30:00,28.37694888893,-88.13110731866
CARTHE_011,2012-09-09 04:45:00,28.37796765175,-88.13310389024
CARTHE_011,2012-09-09 05:00:00,28.37892433378,-88.13513094931
CARTHE_011,2012-09-09 05:15:00,28.3798440247,-88.13719118479
CARTHE_011,2012-09-09 05:30:00,28.38075864103,-88.13928347167
CARTHE_011,2012-09-09 05:45:00,28.38169063645,-88.14140382662
CARTHE_011,2012-09-09 06:00:00,28.38264419423,-88.14354694711
CARTHE_011,2012-09-09 06:15:00,28.38360794706,-88.14570978596
CARTHE_011,2012-09-09 06:30:00,28.38456490207,-88.14789642022
CARTHE_011,2012-09-09 06:45:00,28.38550216921,-88.15012057884
CARTHE_011,2012-09-09 07:00:00,28.38641645583,-88.15240254231
CARTHE_011,2012-09-09 07:15:00,28.38731450943,-88.15476170898
CARTHE_011,2012-09-09 07:30:00,28.38820938731,-88.15720915305
CARTHE_011,2012-09-09 07:45:00,28.38911556994,-88.15974361352
CARTHE_011,2012-09-09 08:00:00,28.39004626313,-88.16235271495
CARTHE_011,2012-09-09 08:15:00,28.39101357261,-88.16501871459
CARTHE_011,2012-09-09 08:30:00,28.39202900676,-88.16772438182
CARTHE_011,2012-09-09 08:45:00,28.39310149436,-88.17045536505
CARTHE_011,2012-09-09 09:00:00,28.39423352411,-88.17319962161
CARTHE_011,2012-09-09 09:15:00,28.39541810651,-88.17594664828
CARTHE_011,2012-09-09 09:30:00,28.3966390518,-88.1786889707
CARTHE_011,2012-09-09 09:45:00,28.39787596883,-88.18142478008
CARTHE_011,2012-09-09 10:00:00,28.39911260214,-88.18415808215
CARTHE_011,2012-09-09 10:15:00,28.40034466551,-88.18689548822
CARTHE_011,2012-09-09 10:30:00,28.40158277044,-88.18964248537
CARTHE_011,2012-09-09 10:45:00,28.40284847404,-88.19240246405
CARTHE_011,2012-09-09 11:00:00,28.40416511743,-88.1951787295
CARTHE_011,2012-09-09 11:15:00,28.4055472447,-88.19797633871
CARTHE_011,2012-09-09 11:30:00,28.40699389601,-88.20080062566
CARTHE_011,2012-09-09 11:45:00,28.40849013714,-88.2036522762
CARTHE_011,2012-09-09 12:00:00,28.41001623769,-88.20652251469
CARTHE_011,2012-09-09 12:15:00,28.41155925,-88.20939332433
CARTHE_011,2012-09-09 12:30:00,28.4131206981,-88.21224325249
CARTHE_011,2012-09-09 12:45:00,28.41471634971,-88.21505372761
CARTHE_011,2012-09-09 13:00:00,28.41636848803,-88.21781074707
CARTHE_011,2012-09-09 13:15:00,28.41809518883,-88.22050153717
CARTHE_011,2012-09-09 13:30:00,28.4199027544,-88.22311094299
CARTHE_011,2012-09-09 13:45:00,28.42178484115,-88.22562281931
CARTHE_011,2012-09-09 14:00:00,28.42372750333,-88.22802665368
CARTHE_011,2012-09-09 14:15:00,28.42571683695,-88.23032439276
CARTHE_011,2012-09-09 14:30:00,28.4277446655,-88.23253179303
CARTHE_011,2012-09-09 14:45:00,28.42980922075,-88.2346725858
CARTHE_011,2012-09-09 15:00:00,28.43191163167,-88.23676794989
CARTHE_011,2012-09-09 15:15:00,28.43405079044,-88.23882536181
CARTHE_011,2012-09-09 15:30:00,28.43621931666,-88.24083277684
CARTHE_011,2012-09-09 15:45:00,28.4384028769,-88.24276459298
CARTHE_011,2012-09-09 16:00:00,28.4405830733,-88.24459873058
CARTHE_011,2012-09-09 16:15:00,28.442742475,-88.24633415118
CARTHE_011,2012-09-09 16:30:00,28.44487013018,-88.24799639527
CARTHE_011,2012-09-09 16:45:00,28.44696540789,-88.24962790537
CARTHE_011,2012-09-09 17:00:00,28.44903747501,-88.25127037532
CARTHE_011,2012-09-09 17:15:00,28.45109951663,-88.25294861388
CARTHE_011,2012-09-09 17:30:00,28.45316018013,-88.25466106356
CARTHE_011,2012-09-09 17:45:00,28.4552166861,-88.25637794235
CARTHE_011,2012-09-09 18:00:00,28.4572533599,-88.25804699793
CARTHE_011,2012-09-09 18:15:00,28.45924696387,-88.25960734291
CARTHE_011,2012-09-09 18:30:00,28.4611769361,-88.26100985516
CARTHE_011,2012-09-09 18:45:00,28.46303494642,-88.26223597392
CARTHE_011,2012-09-09 19:00:00,28.46482778481,-88.26330158582
CARTHE_011,2012-09-09 19:15:00,28.46657252178,-88.26424029647
CARTHE_011,2012-09-09 19:30:00,28.46828783284,-88.26507772742
CARTHE_011,2012-09-09 19:45:00,28.46998605555,-88.26581584697
CARTHE_011,2012-09-09 20:00:00,28.47166846539,-88.26643605141
CARTHE_011,2012-09-09 20:15:00,28.47332420259,-88.26691524453
CARTHE_011,2012-09-09 20:30:00,28.47493247476,-88.26724321859
CARTHE_011,2012-09-09 20:45:00,28.47646744065,-88.26743213874
CARTHE_011,2012-09-09 21:00:00,28.47790466113,-88.26751464669
CARTHE_011,2012-09-09 21:15:00,28.47922806938,-88.26753338048
CARTHE_011,2012-09-09 21:30:00,28.48043638726,-88.26752841274
CARTHE_011,2012-09-09 21:45:00,28.48154607378,-88.26752853065
CARTHE_011,2012-09-09 22:00:00,28.48258741405,-88.26754876916
CARTHE_011,2012-09-09 22:15:00,28.48359403888,-88.26759304209
CARTHE_011,2012-09-09 22:30:00,28.484590016,-88.26765853849
CARTHE_011,2012-09-09 22:45:00,28.48558000531,-88.26773900734
CARTHE_011,2012-09-09 23:00:00,28.48654780637,-88.26782643983
CARTHE_011,2012-09-09 23:15:00,28.48746546848,-88.26791255402
CARTHE_011,2012-09-09 23:30:00,28.48830848369,-88.26799195864
CARTHE_011,2012-09-09 23:45:00,28.48906777685,-88.26806755031
CARTHE_011,2012-09-10 00:00:00,28.48975049882,-88.26815500222
CARTHE_011,2012-09-10 00:15:00,28.49037006482,-88.26828119624
CARTHE_011,2012-09-10 00:30:00,28.49093551728,-88.2684756478
CARTHE_011,2012-09-10 00:45:00,28.49144900595,-88.26875937883
CARTHE_011,2012-09-10 01:00:00,28.49191069483,-88.26913764825
CARTHE_011,2012-09-10 01:15:00,28.49232477924,-88.26960055348
CARTHE_011,2012-09-10 01:30:00,28.49270171301,-88.27013014169
CARTHE_011,2012-09-10 01:45:00,28.49305542777,-88.27070842211
CARTHE_011,2012-09-10 02:00:00,28.49339713197,-88.27132130998
CARTHE_011,2012-09-10 02:15:00,28.49372915769,-88.27195926629
CARTHE_011,2012-09-10 02:30:00,28.49404251456,-88.27261937042
CARTHE_011,2012-09-10 02:45:00,28.49431967452,-88.27330989254
CARTHE_011,2012-09-10 03:00:00,28.4945415401,-88.27405212972
CARTHE_011,2012-09-10 03:15:00,28.49469591281,-88.27487437372
CARTHE_011,2012-09-10 03:30:00,28.49478435463,-88.2758004193
CARTHE_011,2012-09-10 03:45:00,28.49482527596,-88.27684061995
CARTHE_011,2012-09-10 04:00:00,28.49485184763,-88.27799053936
CARTHE_011,2012-09-10 04:15:00,28.49490387437,-88.27923646639
CARTHE_011,2012-09-10 04:30:00,28.49501586037,-88.28056423688
CARTHE_011,2012-09-10 04:45:00,28.49520760006,-88.28196756425
CARTHE_011,2012-09-10 05:00:00,28.49548294346,-88.28345238795
CARTHE_011,2012-09-10 05:15:00,28.49583618317,-88.28503540084
CARTHE_011,2012-09-10 05:30:00,28.49626046115,-88.28673783513
CARTHE_011,2012-09-10 05:45:00,28.49675273632,-88.28857675804
CARTHE_011,2012-09-10 06:00:00,28.49731334963,-88.29055599943
CARTHE_011,2012-09-10 06:15:00,28.49794194893,-88.29265935435
CARTHE_011,2012-09-10 06:30:00,28.49863355928,-88.29484982834
CARTHE_011,2012-09-10 06:45:00,28.49937820152,-88.2970784287
CARTHE_011,2012-09-10 07:00:00,28.50016491276,-88.29930223746
CARTHE_011,2012-09-10 07:15:00,28.50098757917,-88.30150464868
CARTHE_011,2012-09-10 07:30:00,28.50184819081,-88.30370570285
CARTHE_011,2012-09-10 07:45:00,28.50275505407,-88.30595353863
CARTHE_011,2012-09-10 08:00:00,28.5037171343,-88.30829694627
CARTHE_011,2012-09-10 08:15:00,28.50473785129,-88.31074903068
CARTHE_011,2012-09-10 08:30:00,28.50581176135,-88.31326280852
CARTHE_011,2012-09-10 08:45:00,28.50692607749,-88.31574289625
CARTHE_011,2012-09-10 09:00:00,28.5080669751,-88.31810035202
CARTHE_011,2012-09-10 09:15:00,28.50922900371,-88.32031551876
CARTHE_011,2012-09-10 09:30:00,28.51042313094,-88.32245038468
CARTHE_011,2012-09-10 09:45:00,28.511676925,-88.32460084759
CARTHE_011,2012-09-10 10:00:00,28.51302499144,-88.32683651695
CARTHE_011,2012-09-10 10:15:00,28.51449495518,-88.32917117142
CARTHE_011,2012-09-10 10:30:00,28.51609692594,-88.33157042307
CARTHE_011,2012-09-10 10:45:00,28.5178213401,-88.3339787653
CARTHE_011,2012-09-10 11:00:00,28.51964532785,-88.33634571673
CARTHE_011,2012-09-10 11:15:00,28.5215437757,-88.33864000482
CARTHE_011,2012-09-10 11:30:00,28.52349882183,-88.34085067365
CARTHE_011,2012-09-10 11:45:00,28.52550277759,-88.34298009221
CARTHE_011,2012-09-10 12:00:00,28.52755369995,-88.34503538695
CARTHE_011,2012-09-10 12:15:00,28.52964783933,-88.34702285279
CARTHE_011,2012-09-10 12:30:00,28.53177572977,-88.34894609935
CARTHE_011,2012-09-10 12:45:00,28.53392466141,-88.3508057769
CARTHE_011,2012-09-10 13:00:00,28.53608397703,-88.35259934994
CARTHE_011,2012-09-10 13:15:00,28.53824923819,-88.35432170111
CARTHE_011,2012-09-10 13:30:00,28.54042462524,-88.35596725383
CARTHE_011,2012-09-10 13:45:00,28.54262257678,-88.35753308522
CARTHE_011,2012-09-10 14:00:00,28.54485897939,-88.35902147652
CARTHE_011,2012-09-10 14:15:00,28.54714548619,-88.36043917263
CARTHE_011,2012-09-10 14:30:00,28.5494833709,-88.36179225443
CARTHE_011,2012-09-10 14:45:00,28.55186209472,-88.36308077811
CARTHE_011,2012-09-10 15:00:00,28.554261789,-88.36429783692
CARTHE_011,2012-09-10 15:15:00,28.55665674594,-88.36543232111
CARTHE_011,2012-09-10 15:30:00,28.55901931694,-88.36647283868
CARTHE_011,2012-09-10 15:45:00,28.56132563141,-88.36741315486
CARTHE_011,2012-09-10 16:00:00,28.56356244758,-88.36825886138
CARTHE_011,2012-09-10 16:15:00,28.56573211934,-88.36903193172
CARTHE_011,2012-09-10 16:30:00,28.56785349998,-88.36976904314
CARTHE_011,2012-09-10 16:45:00,28.56995791955,-88.37051141974
CARTHE_011,2012-09-10 17:00:00,28.57207996535,-88.37128878206
CARTHE_011,2012-09-10 17:15:00,28.57424464972,-88.37210538953
CARTHE_011,2012-09-10 17:30:00,28.57645592087,-88.37293690555
CARTHE_011,2012-09-10 17:45:00,28.57869308866,-88.3737409352
CARTHE_011,2012-09-10 18:00:00,28.58091843087,-88.37447511667
CARTHE_011,2012-09-10 18:15:00,28.58309216218,-88.37511229345
CARTHE_011,2012-09-10 18:30:00,28.58518612533,-88.3756464781
CARTHE_011,2012-09-10 18:45:00,28.58719015921,-88.37608957556
CARTHE_011,2012-09-10 19:00:00,28.58911058991,-88.37646225027
CARTHE_011,2012-09-10 19:15:00,28.59096308387,-88.37678413908
CARTHE_011,2012-09-10 19:30:00,28.5927628275,-88.37706842774
CARTHE_011,2012-09-10 19:45:00,28.59451562978,-88.37732280049
CARTHE_011,2012-09-10 20:00:00,28.59621372974,-88.37755378168
CARTHE_011,2012-09-10 20:15:00,28.59783816975,-88.37776909154
CARTHE_011,2012-09-10 20:30:00,28.59936643899,-88.37797595357
CARTHE_011,2012-09-10 20:45:00,28.60078222428,-88.37817848418
CARTHE_011,2012-09-10 21:00:00,28.60208357528,-88.37837813767
CARTHE_011,2012-09-10 21:15:00,28.60328560548,-88.37857740707
CARTHE_011,2012-09-10 21:30:00,28.60441545934,-88.37878315855
CARTHE_011,2012-09-10 21:45:00,28.60550117273,-88.37900568226
CARTHE_011,2012-09-10 22:00:00,28.60655987864,-88.3792534477
CARTHE_011,2012-09-10 22:15:00,28.60759177914,-88.37952823409
CARTHE_011,2012-09-10 22:30:00,28.60858274126,-88.3798249343
CARTHE_011,2012-09-10 22:45:00,28.60951278833,-88.38013500991
CARTHE_011,2012-09-10 23:00:00,28.61036535321,-88.38044965612
CARTHE_011,2012-09-10 23:15:00,28.61113331744,-88.38076128692
CARTHE_011,2012-09-10 23:30:00,28.61181964737,-88.3810649355
CARTHE_011,2012-09-10 23:45:00,28.61243283776,-88.38136040165
CARTHE_011,2012-09-11 00:00:00,28.61298072519,-88.38165310906
CARTHE_011,2012-09-11 00:15:00,28.61346732604,-88.38195172631
CARTHE_011,2012-09-11 00:30:00,28.61389457502,-88.38226422569
CARTHE_011,2012-09-11 00:45:00,28.61426680661,-88.38259626831
CARTHE_011,2012-09-11 01:00:00,28.61459342734,-88.38295349036
CARTHE_011,2012-09-11 01:15:00,28.61488689128,-88.38334511732
CARTHE_011,2012-09-11 01:30:00,28.6151581004,-88.3837852961
CARTHE_011,2012-09-11 01:45:00,28.61541362312,-88.38429116919
CARTHE_011,2012-09-11 02:00:00,28.61565681103,-88.38487977236
CARTHE_011,2012-09-11 02:15:00,28.61589158707,-88.38556570446
CARTHE_011,2012-09-11 02:30:00,28.61612588222,-88.38635842437
CARTHE_011,2012-09-11 02:45:00,28.61637219903,-88.38725745433
CARTHE_011,2012-09-11 03:00:00,28.61664514676,-88.38824888352
CARTHE_011,2012-09-11 03:15:00,28.6169583054,-88.3893098316
CARTHE_011,2012-09-11 03:30:00,28.6173224344,-88.39042121455
CARTHE_011,2012-09-11 03:45:00,28.61774463941,-88.39158006746
CARTHE_011,2012-09-11 04:00:00,28.61822791528,-88.39280163585
CARTHE_011,2012-09-11 04:15:00,28.61877216287,-88.39410983529
CARTHE_011,2012-09-11 04:30:00,28.61937634648,-88.39552375463
CARTHE_011,2012-09-11 04:45:00,28.6200392906,-88.39704901311
CARTHE_011,2012-09-11 05:00:00,28.62075922534,-88.39867635633
CARTHE_011,2012-09-11 05:15:00,28.62153534399,-88.40038590844
CARTHE_011,2012-09-11 05:30:00,28.62237244914,-88.40215615561
CARTHE_011,2012-09-11 05:45:00,28.62328519082,-88.40397419618
CARTHE_011,2012-09-11 06:00:00,28.62429698204,-88.40584002385
CARTHE_011,2012-09-11 06:15:00,28.62543212932,-88.40776120661
CARTHE_011,2012-09-11 06:30:00,28.62670540099,-88.40974240926
CARTHE_011,2012-09-11 06:45:00,28.62811547895,-88.41177717401
CARTHE_011,2012-09-11 07:00:00,28.62964507755,-88.41384611551
CARTHE_011,2012-09-11 07:15:00,28.63126576311,-88.41592092804
CARTHE_011,2012-09-11 07:30:00,28.63294452643,-88.41797140613
CARTHE_011,2012-09-11 07:45:00,28.63465090708,-88.41997291456
CARTHE_011,2012-09-11 08:00:00,28.63636373248,-88.4219115946
CARTHE_011,2012-09-11 08:15:00,28.63807509941,-88.42378476891
CARTHE_011,2012-09-11 08:30:00,28.63978902146,-88.42559628047
CARTHE_011,2012-09-11 08:45:00,28.64151493116,-88.42734996525
CARTHE_011,2012-09-11 09:00:00,28.64326080874,-88.42904672009
CARTHE_011,2012-09-11 09:15:00,28.64503102301,-88.43068763197
CARTHE_011,2012-09-11 09:30:00,28.64682881404,-88.4322791067
CARTHE_011,2012-09-11 09:45:00,28.64865920098,-88.43383311202
CARTHE_011,2012-09-11 10:00:00,28.65052898473,-88.43536103477
CARTHE_011,2012-09-11 10:15:00,28.6524442228,-88.43686650098
CARTHE_011,2012-09-11 10:30:00,28.6544071742,-88.43834314871
CARTHE_011,2012-09-11 10:45:00,28.65641420028,-88.43977875489
CARTHE_011,2012-09-11 11:00:00,28.65845596251,-88.44116238683
CARTHE_011,2012-09-11 11:15:00,28.66052086003,-88.44248995143
CARTHE_011,2012-09-11 11:30:00,28.66260095741,-88.44376512046
CARTHE_011,2012-09-11 11:45:00,28.66469743597,-88.4449958726
CARTHE_011,2012-09-11 12:00:00,28.66682181954,-88.44618966545
CARTHE_011,2012-09-11 12:15:00,28.66899153847,-88.44734983353
CARTHE_011,2012-09-11 12:30:00,28.67122211383,-88.44847422228
CARTHE_011,2012-09-11 12:45:00,28.67352008656,-88.44955624582
CARTHE_011,2012-09-11 13:00:00,28.6758800163,-88.45058755277
CARTHE_011,2012-09-11 13:15:00,28.67828729188,-88.45156077596
CARTHE_011,2012-09-11 13:30:00,28.68072531757,-88.45247081231
CARTHE_011,2012-09-11 13:45:00,28.6831818895,-88.45331414859
CARTHE_011,2012-09-11 14:00:00,28.68565025947,-88.45408754532
CARTHE_011,2012-09-11 14:15:00,28.68812528471,-88.45478786144
CARTHE_011,2012-09-11 14:30:00,28.69059915856,-88.45541372577
CARTHE_011,2012-09-11 14:45:00,28.69306062369,-88.45596779431
CARTHE_011,2012-09-11 15:00:00,28.69549788567,-88.45645707274
CARTHE_011,2012-09-11 15:15:00,28.69790288653,-88.45689046434
CARTHE_011,2012-09-11 15:30:00,28.70027432454,-88.45727584027
CARTHE_011,2012-09-11 15:45:00,28.70261807669,-88.45761912991
CARTHE_011,2012-09-11 16:00:00,28.70494575012,-88.45792536059
CARTHE_011,2012-09-11 16:15:00,28.70727215525,-88.45819995572
CARTHE_011,2012-09-11 16:30:00,28.70961108838,-88.45844882117
CARTHE_011,2012-09-11 16:45:00,28.71197072074,-88.4586773131
CARTHE_011,2012-09-11 17:00:00,28.7143516287,-88.45888867378
CARTHE_011,2012-09-11 17:15:00,28.71674842692,-88.45908231276
CARTHE_011,2012-09-11 17:30:00,28.71915388388,-88.45925337464
CARTHE_011,2012-09-11 17:45:00,28.72156369333,-88.45939528699
CARTHE_011,2012-09-11 18:00:00,28.72397973207,-88.4595045328
CARTHE_011,2012-09-11 18:15:00,28.72640982678,-88.45958424303
CARTHE_011,2012-09-11 18:30:00,28.72886330872,-88.45964390903
CARTHE_011,2012-09-11 18:45:00,28.73134427213,-88.45969587553
CARTHE_011,2012-09-11 19:00:00,28.7338472146,-88.45975032622
CARTHE_011,2012-09-11 19:15:00,28.73635853441,-88.45981003249
CARTHE_011,2012-09-11 19:30:00,28.73886291444,-88.45986697878
CARTHE_011,2012-09-11 19:45:00,28.7413506646,-88.45990323752
CARTHE_011,2012-09-11 20:00:00,28.74382155289,-88.45989678739
CARTHE_011,2012-09-11 20:15:00,28.74628274581,-88.4598297889
CARTHE_011,2012-09-11 20:30:00,28.74874240726,-88.45969473787
CARTHE_011,2012-09-11 20:45:00,28.75120340861,-88.45949508254
CARTHE_011,2012-09-11 21:00:00,28.75366078914,-88.4592398988
CARTHE_011,2012-09-11 21:15:00,28.75610352308,-88.45893549875
CARTHE_011,2012-09-11 21:30:00,28.7585188532,-88.45857879568
CARTHE_011,2012-09-11 21:45:00,28.76089669825,-88.45815662356
CARTHE_011,2012-09-11 22:00:00,28.76323177114,-88.45765133184
CARTHE_011,2012-09-11 22:15:00,28.76552198293,-88.45704836245
CARTHE_011,2012-09-11 22:30:00,28.76776388373,-88.45634089837
CARTHE_011,2012-09-11 22:45:00,28.76994818816,-88.45553002689
CARTHE_011,2012-09-11 23:00:00,28.77205851922,-88.45462286405
CARTHE_011,2012-09-11 23:15:00,28.77407446824,-88.45363170432
CARTHE_011,2012-09-11 23:30:00,28.77597776587,-88.45257388441
CARTHE_011,2012-09-11 23:45:00,28.77775910412,-88.4514701775
CARTHE_011,2012-09-12 00:00:00,28.7794227272,-88.4503415255
CARTHE_011,2012-09-12 00:15:00,28.78098592636,-88.44920583802
CARTHE_011,2012-09-12 00:30:00,28.78247204915,-88.44807670173
CARTHE_011,2012-09-12 00:45:00,28.78389914942,-88.44696455446
CARTHE_011,2012-09-12 01:00:00,28.78526972143,-88.44587904768
CARTHE_011,2012-09-12 01:15:00,28.7865674802,-88.44483076754
CARTHE_011,2012-09-12 01:30:00,28.78776368042,-88.4438313083
CARTHE_011,2012-09-12 01:45:00,28.78882951281,-88.44289218792
CARTHE_011,2012-09-12 02:00:00,28.789747878,-88.44202421765
CARTHE_011,2012-09-12 02:15:00,28.79051951092,-88.44123816185
CARTHE_011,2012-09-12 02:30:00,28.79116228308,-88.44054508567
CARTHE_011,2012-09-12 02:45:00,28.79170544617,-88.43995426176
CARTHE_011,2012-09-12 03:00:00,28.79218165916,-88.43946976549
CARTHE_011,2012-09-12 03:15:00,28.79261927429,-88.43908966945
CARTHE_011,2012-09-12 03:30:00,28.79303714086,-88.43880900514
CARTHE_011,2012-09-12 03:45:00,28.7934441775,-88.43862316487
CARTHE_011,2012-09-12 04:00:00,28.79384423431,-88.43852841294
CARTHE_011,2012-09-12 04:15:00,28.79424373285,-88.4385200643
CARTHE_011,2012-09-12 04:30:00,28.79465747656,-88.43859150842
CARTHE_011,2012-09-12 04:45:00,28.79510875569,-88.43873576581
CARTHE_011,2012-09-12 05:00:00,28.79562355966,-88.4389484743
CARTHE_011,2012-09-12 05:15:00,28.79622216137,-88.4392298551
CARTHE_011,2012-09-12 05:30:00,28.79691194561,-88.43958383939
CARTHE_011,2012-09-12 05:45:00,28.79768450664,-88.44001466803
CARTHE_011,2012-09-12 06:00:00,28.79851866888,-88.44052276723
CARTHE_011,2012-09-12 06:15:00,28.79938850554,-88.44110143283
CARTHE_011,2012-09-12 06:30:00,28.80027283073,-88.44173557248
CARTHE_011,2012-09-12 06:45:00,28.80116173331,-88.4424044695
CARTHE_011,2012-09-12 07:00:00,28.80205746133,-88.44308868062
CARTHE_011,2012-09-12 07:15:00,28.80297027838,-88.44377691316
CARTHE_011,2012-09-12 07:30:00,28.80391217805,-88.44446809521
CARTHE_011,2012-09-12 07:45:00,28.80489173835,-88.44516736802
CARTHE_011,2012-09-12 08:00:00,28.80591211402,-88.44587898445
CARTHE_011,2012-09-12 08:15:00,28.80697210164,-88.44660100806
CARTHE_011,2012-09-12 08:30:00,28.80806885193,-88.44732509237
CARTHE_011,2012-09-12 08:45:00,28.80920080228,-88.44804041482
CARTHE_011,2012-09-12 09:00:00,28.81036945302,-88.44873799587
CARTHE_011,2012-09-12 09:15:00,28.81157929144,-88.44941258974
CARTHE_011,2012-09-12 09:30:00,28.81283623606,-88.4500617712
CARTHE_011,2012-09-12 09:45:00,28.81414527957,-88.45068414423
CARTHE_011,2012-09-12 10:00:00,28.81550791588,-88.45127863993
CARTHE_011,2012-09-12 10:15:00,28.81691975912,-88.45184499137
CARTHE_011,2012-09-12 10:30:00,28.81836933284,-88.45238442185
CARTHE_011,2012-09-12 10:45:00,28.81983983002,-88.45289943159
CARTHE_011,2012-09-12 11:00:00,28.82131450127,-88.45339247189
CARTHE_011,2012-09-12 11:15:00,28.82278298887,-88.45386437674
CARTHE_011,2012-09-12 11:30:00,28.82424370489,-88.45431316486
CARTHE_011,2012-09-12 11:45:00,28.82569977385,-88.45473354259
CARTHE_011,2012-09-12 12:00:00,28.82715185228,-88.4551179066
CARTHE_011,2012-09-12 12:15:00,28.82859436842,-88.45545929308
CARTHE_011,2012-09-12 12:30:00,28.83001929901,-88.45575485881
CARTHE_011,2012-09-12 12:45:00,28.83142521018,-88.4560076635
CARTHE_011,2012-09-12 13:00:00,28.83282377838,-88.45622570316
CARTHE_011,2012-09-12 13:15:00,28.8342373637,-88.45641831925
CARTHE_011,2012-09-12 13:30:00,28.83568860995,-88.45659141424
CARTHE_011,2012-09-12 13:45:00,28.83718850772,-88.4567443853
CARTHE_011,2012-09-12 14:00:00,28.83872995804,-88.45687173863
CARTHE_011,2012-09-12 14:15:00,28.8402907847,-88.45696972503
CARTHE_011,2012-09-12 14:30:00,28.84184472377,-88.45704364996
CARTHE_011,2012-09-12 14:45:00,28.84337410639,-88.4571096482
CARTHE_011,2012-09-12 15:00:00,28.84487672937,-88.45718887476
CARTHE_011,2012-09-12 15:15:00,28.84636363003,-88.45729765933
CARTHE_011,2012-09-12 15:30:00,28.84785072938,-88.45743936583
CARTHE_011,2012-09-12 15:45:00,28.84934962434,-88.45760226019
CARTHE_011,2012-09-12 16:00:00,28.85086161405,-88.45776437905
CARTHE_011,2012-09-12 16:15:00,28.85237774062,-88.45790318573
CARTHE_011,2012-09-12 16:30:00,28.85388544851,-88.45800567398
CARTHE_011,2012-09-12 16:45:00,28.85537827049,-88.4580744702
CARTHE_011,2012-09-12 17:00:00,28.85686277364,-88.45812859017
CARTHE_011,2012-09-12 17:15:00,28.85835974365,-88.45820002838
CARTHE_011,2012-09-12 17:30:00,28.85989997735,-88.45832692868
CARTHE_011,2012-09-12 17:45:00,28.86151577089,-88.45854346429
CARTHE_011,2012-09-12 18:00:00,28.8632296718,-88.45886844812
CARTHE_011,2012-09-12 18:15:00,28.86504421043,-88.459298235
CARTHE_011,2012-09-12 18:30:00,28.86693824168,-88.45980943793
CARTHE_011,2012-09-12 18:45:00,28.86887347056,-88.46037086049
CARTHE_011,2012-09-12 19:00:00,28.87080852322,-88.46095664271
CARTHE_011,2012-09-12 19:15:00,28.87271250219,-88.46155192041
CARTHE_011,2012-09-12 19:30:00,28.87457075239,-88.4621493322
CARTHE_011,2012-09-12 19:45:00,28.8763817342,-88.46274202818
CARTHE_011,2012-09-12 20:00:00,28.87814924913,-88.46331972963
CARTHE_011,2012-09-12 20:15:00,28.87987518896,-88.46387000695
CARTHE_011,2012-09-12 20:30:00,28.88155603475,-88.46438282134
CARTHE_011,2012-09-12 20:45:00,28.88318364037,-88.4648549882
CARTHE_011,2012-09-12 21:00:00,28.88474846087,-88.46529214538
CARTHE_011,2012-09-12 21:15:00,28.88624168927,-88.46570810344
CARTHE_011,2012-09-12 21:30:00,28.88765374859,-88.46612370663
CARTHE_011,2012-09-12 21:45:00,28.88897071264,-88.46656669933
CARTHE_011,2012-09-12 22:00:00,28.89017303073,-88.467071248
CARTHE_011,2012-09-12 22:15:00,28.89123951579,-88.46767446827
CARTHE_011,2012-09-12 22:30:00,28.89215485728,-88.46840912424
CARTHE_011,2012-09-12 22:45:00,28.89291532658,-88.4692950087
CARTHE_011,2012-09-12 23:00:00,28.89352913029,-88.47033289468
CARTHE_011,2012-09-12 23:15:00,28.89401274494,-88.47150356243
CARTHE_011,2012-09-12 23:30:00,28.89438755182,-88.47277247602
CARTHE_011,2012-09-12 23:45:00,28.89467996722,-88.47409915237
CARTHE_011,2012-09-13 00:00:00,28.8949240791,-88.47544844353
CARTHE_011,2012-09-13 00:15:00,28.89516179048,-88.4767988234
CARTHE_011,2012-09-13 00:30:00,28.89543575016,-88.47814268666
CARTHE_011,2012-09-13 00:45:00,28.89577638061,-88.47947839061
CARTHE_011,2012-09-13 01:00:00,28.89619087743,-88.48080044243
CARTHE_011,2012-09-13 01:15:00,28.89666300734,-88.48209600116
CARTHE_011,2012-09-13 01:30:00,28.89716691316,-88.48335089066
CARTHE_011,2012-09-13 01:45:00,28.89768791866,-88.48456169817
CARTHE_011,2012-09-13 02:00:00,28.89823613129,-88.48574683275
CARTHE_011,2012-09-13 02:15:00,28.8988438696,-88.48694926409
CARTHE_011,2012-09-13 02:30:00,28.89955094589,-88.48822772644
CARTHE_011,2012-09-13 02:45:00,28.90038880597,-88.4896396598
CARTHE_011,2012-09-13 03:00:00,28.90137175722,-88.49122388189
CARTHE_011,2012-09-13 03:15:00,28.90249700941,-88.4929908025
CARTHE_011,2012-09-13 03:30:00,28.90375031994,-88.49492321279
CARTHE_011,2012-09-13 03:45:00,28.90511255411,-88.49698484876
CARTHE_011,2012-09-13 04:00:00,28.90656392722,-88.49913090696
CARTHE_011,2012-09-13 04:15:00,28.90808539789,-88.50131558008
CARTHE_011,2012-09-13 04:30:00,28.90965886837,-88.50349489966
CARTHE_011,2012-09-13 04:45:00,28.9112684262,-88.50562642062
CARTHE_011,2012-09-13 05:00:00,28.91290366112,-88.50766892523
CARTHE_011,2012-09-13 05:15:00,28.9145638174,-88.5095848193
CARTHE_011,2012-09-13 05:30:00,28.91625957791,-88.51134569062
CARTHE_011,2012-09-13 05:45:00,28.91800924056,-88.5129388135
CARTHE_011,2012-09-13 06:00:00,28.91982892097,-88.51437085701
CARTHE_011,2012-09-13 06:15:00,28.92172123654,-88.51566603476
CARTHE_011,2012-09-13 06:30:00,28.92366983648,-88.51685913014
CARTHE_011,2012-09-13 06:45:00,28.92564408277,-88.5179864033
CARTHE_011,2012-09-13 07:00:00,28.92761144314,-88.51907698165
CARTHE_011,2012-09-13 07:15:00,28.92955055815,-88.52014630835
CARTHE_011,2012-09-13 07:30:00,28.93145739898,-88.52119391028
CARTHE_011,2012-09-13 07:45:00,28.93334111448,-88.52220709918
CARTHE_011,2012-09-13 08:00:00,28.93521370242,-88.52316847958
CARTHE_011,2012-09-13 08:15:00,28.93708102109,-88.52406306756
CARTHE_011,2012-09-13 08:30:00,28.93893968725,-88.52488238985
CARTHE_011,2012-09-13 08:45:00,28.94077961081,-88.52562549922
CARTHE_011,2012-09-13 09:00:00,28.94258894941,-88.52629823867
CARTHE_011,2012-09-13 09:15:00,28.94435809695,-88.52691194614
CARTHE_011,2012-09-13 09:30:00,28.94608113998,-88.52748186322
CARTHE_011,2012-09-13 09:45:00,28.94775545087,-88.52802474986
CARTHE_011,2012-09-13 10:00:00,28.94938128058,-88.52855520295
CARTHE_011,2012-09-13 10:15:00,28.95096274766,-88.52908104303
CARTHE_011,2012-09-13 10:30:00,28.95250990546,-88.5295994412
CARTHE_011,2012-09-13 10:45:00,28.95403973962,-88.53009622523
CARTHE_011,2012-09-13 11:00:00,28.95557336969,-88.53054988396
CARTHE_011,2012-09-13 11:15:00,28.95712836387,-88.53093884943
CARTHE_011,2012-09-13 11:30:00,28.9587086622,-88.53124751499
CARTHE_011,2012-09-13 11:45:00,28.96029803245,-88.53146741943
CARTHE_011,2012-09-13 12:00:00,28.96186307962,-88.53159648452
CARTHE_011,2012-09-13 12:15:00,28.96336691652,-88.53164278414
CARTHE_011,2012-09-13 12:30:00,28.9647866922,-88.53163329346
CARTHE_011,2012-09-13 12:45:00,28.96612393254,-88.53161926057
CARTHE_011,2012-09-13 13:00:00,28.9674023414,-88.53166767752
CARTHE_011,2012-09-13 13:15:00,28.96865719279,-88.53183659704
CARTHE_011,2012-09-13 13:30:00,28.96992314092,-88.53214643646
CARTHE_011,2012-09-13 13:45:00,28.97122438208,-88.53256747549
CARTHE_011,2012-09-13 14:00:00,28.9725685917,-88.53303433432
CARTHE_011,2012-09-13 14:15:00,28.9739457548,-88.53347798551
CARTHE_011,2012-09-13 14:30:00,28.97533273413,-88.53385555975
CARTHE_011,2012-09-13 14:45:00,28.97670219998,-88.53416341361
CARTHE_011,2012-09-13 15:00:00,28.97803272814,-88.53443059548
CARTHE_011,2012-09-13 15:15:00,28.97931638077,-88.53469904443
CARTHE_011,2012-09-13 15:30:00,28.98056046524,-88.53500126072
CARTHE_011,2012-09-13 15:45:00,28.98178253932,-88.53534604459
CARTHE_011,2012-09-13 16:00:00,28.983000387,-88.53571696493
CARTHE_011,2012-09-13 16:15:00,28.98422127459,-88.53608151344
CARTHE_011,2012-09-13 16:30:00,28.98543615171,-88.53640592355
CARTHE_011,2012-09-13 16:45:00,28.98662254569,-88.53666902932
CARTHE_011,2012-09-13 17:00:00,28.98775564315,-88.53686962063
CARTHE_011,2012-09-13 17:15:00,28.98882234642,-88.5370261648
CARTHE_011,2012-09-13 17:30:00,28.98982964323,-88.53717018
CARTHE_011,2012-09-13 17:45:00,28.99080088069,-88.53733469411
CARTHE_011,2012-09-13 18:00:00,28.99176248519,-88.53754135717
CARTHE_011,2012-09-13 18:15:00,28.99273096134,-88.53779313809
CARTHE_011,2012-09-13 18:30:00,28.99370840018,-88.53807824317
CARTHE_011,2012-09-13 18:45:00,28.99468667201,-88.53838286598
CARTHE_011,2012-09-13 19:00:00,28.99565448164,-88.53870293997
CARTHE_011,2012-09-13 19:15:00,28.99660304457,-88.53904699715
CARTHE_011,2012-09-13 19:30:00,28.9975295097,-88.53943096416
CARTHE_011,2012-09-13 19:45:00,28.99843740201,-88.53987015632
CARTHE_011,2012-09-13 20:00:00,28.9993329939,-88.5403725131
CARTHE_011,2012-09-13 20:15:00,29.00021896921,-88.54093556673
CARTHE_011,2012-09-13 20:30:00,29.00108955601,-88.54154811005
CARTHE_011,2012-09-13 20:45:00,29.00193058985,-88.54219438811
CARTHE_011,2012-09-13 21:00:00,29.00272350841,-88.54285723643
CARTHE_011,2012-09-13 21:15:00,29.00344919076,-88.54351978357
CARTHE_011,2012-09-13 21:30:00,29.00409019312,-88.54416724252
CARTHE_011,2012-09-13 21:45:00,29.00463379817,-88.54478898188
CARTHE_011,2012-09-13 22:00:00,29.00507697407,-88.54537969318
CARTHE_011,2012-09-13 22:15:00,29.00543020988,-88.54593899508
CARTHE_011,2012-09-13 22:30:00,29.00571648718,-88.54647015542
CARTHE_011,2012-09-13 22:45:00,29.00596434211,-88.54697918645
CARTHE_011,2012-09-13 23:00:00,29.00619733205,-88.54747504005
CARTHE_011,2012-09-13 23:15:00,29.00642465541,-88.54797055389
CARTHE_011,2012-09-13 23:30:00,29.00663821747,-88.54848301833
CARTHE_011,2012-09-13 23:45:00,29.00681917052,-88.549033404
CARTHE_011,2012-09-14 00:00:00,29.00695167684,-88.54964439179
CARTHE_011,2012-09-14 00:15:00,29.00703558836,-88.55033820972
CARTHE_011,2012-09-14 00:30:00,29.00708839903,-88.55113431673
CARTHE_011,2012-09-14 00:45:00,29.00713401556,-88.55204595312
CARTHE_011,2012-09-14 01:00:00,29.00718648713,-88.55307669775
CARTHE_011,2012-09-14 01:15:00,29.00724153376,-88.55421987879
CARTHE_011,2012-09-14 01:30:00,29.0072828538,-88.5554618232
CARTHE_011,2012-09-14 01:45:00,29.00729796942,-88.55678718956
CARTHE_011,2012-09-14 02:00:00,29.00729090954,-88.55818344414
CARTHE_011,2012-09-14 02:15:00,29.0072828868,-88.5596423403
CARTHE_011,2012-09-14 02:30:00,29.00730257511,-88.56115845217
CARTHE_011,2012-09-14 02:45:00,29.00737425269,-88.56272659337
CARTHE_011,2012-09-14 03:00:00,29.00751076972,-88.5643399626
CARTHE_011,2012-09-14 03:15:00,29.00771316198,-88.56598969906
CARTHE_011,2012-09-14 03:30:00,29.00797464817,-88.5676654059
CARTHE_011,2012-09-14 03:45:00,29.00828554458,-88.56935575854
CARTHE_011,2012-09-14 04:00:00,29.00863671654,-88.57104859713
CARTHE_011,2012-09-14 04:15:00,29.00902105373,-88.57273059238
CARTHE_011,2012-09-14 04:30:00,29.00943379991,-88.57438721906
CARTHE_011,2012-09-14 04:45:00,29.00987279966,-88.5760039525
CARTHE_011,2012-09-14 05:00:00,29.01033900612,-88.57756908303
CARTHE_011,2012-09-14 05:15:00,29.01083659717,-88.5790774231
CARTHE_011,2012-09-14 05:30:00,29.01137160841,-88.58053301021
CARTHE_011,2012-09-14 05:45:00,29.01194870814,-88.58194859106
CARTHE_011,2012-09-14 06:00:00,29.0125675261,-88.5833409942
CARTHE_011,2012-09-14 06:15:00,29.01322164989,-88.58472421999
CARTHE_011,2012-09-14 06:30:00,29.01390293215,-88.58610403935
CARTHE_011,2012-09-14 06:45:00,29.01460994842,-88.5874764186
CARTHE_011,2012-09-14 07:00:00,29.01535461129,-88.58882905203
CARTHE_011,2012-09-14 07:15:00,29.01615953987,-88.59014497058
CARTHE_011,2012-09-14 07:30:00,29.01704447715,-88.59140783924
CARTHE_011,2012-09-14 07:45:00,29.0180095719,-88.59260796562
CARTHE_011,2012-09-14 08:00:00,29.01902707673,-88.59374707254
CARTHE_011,2012-09-14 08:15:00,29.02004818937,-88.59483870623
CARTHE_011,2012-09-14 08:30:00,29.02102247497,-88.59590185045
CARTHE_011,2012-09-14 08:45:00,29.02191940869,-88.59694992502
CARTHE_011,2012-09-14 09:00:00,29.02274025345,-88.59798130679
CARTHE_011,2012-09-14 09:15:00,29.02351405713,-88.59897723416
CARTHE_011,2012-09-14 09:30:00,29.02428063415,-88.59990934197
CARTHE_011,2012-09-14 09:45:00,29.02507120199,-88.60075390231
CARTHE_011,2012-09-14 10:00:00,29.0258977035,-88.60150540926
CARTHE_011,2012-09-14 10:15:00,29.02675376852,-88.60218153072
CARTHE_011,2012-09-14 10:30:00,29.0276228881,-88.60281625188
CARTHE_011,2012-09-14 10:45:00,29.02848776815,-88.60344591589
CARTHE_011,2012-09-14 11:00:00,29.02933646511,-88.60409689764
CARTHE_011,2012-09-14 11:15:00,29.0301639383,-88.60478057609
CARTHE_011,2012-09-14 11:30:00,29.03097030122,-88.60549563363
CARTHE_011,2012-09-14 11:45:00,29.03175805598,-88.60623410218
CARTHE_011,2012-09-14 12:00:00,29.03253004581,-88.60698714066
CARTHE_011,2012-09-14 12:15:00,29.0332886073,-88.60774818754
CARTHE_011,2012-09-14 12:30:00,29.03403534201,-88.60851326648
CARTHE_011,2012-09-14 12:45:00,29.034770603,-88.60927967854
CARTHE_011,2012-09-14 13:00:00,29.0354922812,-88.61004468761
CARTHE_011,2012-09-14 13:15:00,29.03619443176,-88.61080526161
CARTHE_011,2012-09-14 13:30:00,29.03686704699,-88.61155890937
CARTHE_011,2012-09-14 13:45:00,29.03749813467,-88.6123046759
CARTHE_011,2012-09-14 14:00:00,29.03807777641,-88.6130429812
CARTHE_011,2012-09-14 14:15:00,29.03860154174,-88.61377374365
CARTHE_011,2012-09-14 14:30:00,29.03906997713,-88.6144942322
CARTHE_011,2012-09-14 14:45:00,29.03948491976,-88.61519984726
CARTHE_011,2012-09-14 15:00:00,29.03984833201,-88.61588929307
CARTHE_011,2012-09-14 15:15:00,29.04016671619,-88.61657025721
CARTHE_011,2012-09-14 15:30:00,29.04045627937,-88.61725908232
CARTHE_011,2012-09-14 15:45:00,29.04074163003,-88.61797286677
CARTHE_011,2012-09-14 16:00:00,29.04104670609,-88.61872003541
CARTHE_011,2012-09-14 16:15:00,29.04138405168,-88.61949715269
CARTHE_011,2012-09-14 16:30:00,29.0417498748,-88.62029393759
CARTHE_011,2012-09-14 16:45:00,29.04212700736,-88.62110176987
CARTHE_011,2012-09-14 17:00:00,29.04249342305,-88.621919503
CARTHE_011,2012-09-14 17:15:00,29.04283252797,-88.62275324312
CARTHE_011,2012-09-14 17:30:00,29.04314009514,-88.62361135647
CARTHE_011,2012-09-14 17:45:00,29.04342377847,-88.62449886847
CARTHE_011,2012-09-14 18:00:00,29.04369615303,-88.62541452231
CARTHE_011,2012-09-14 18:15:00,29.04396659861,-88.62635135635
CARTHE_011,2012-09-14 18:30:00,29.0442372118,-88.62729980488
CARTHE_011,2012-09-14 18:45:00,29.04450390469,-88.62825127777
CARTHE_011,2012-09-14 19:00:00,29.04476025945,-88.62920038921
CARTHE_011,2012-09-14 19:15:00,29.04500113524,-88.63014523913
CARTHE_011,2012-09-14 19:30:00,29.04522438631,-88.63108629902
CARTHE_011,2012-09-14 19:45:00,29.04543064991,-88.63202489031
CARTHE_011,2012-09-14 20:00:00,29.04562208227,-88.63296203665
CARTHE_011,2012-09-14 20:15:00,29.04580102895,-88.633897992
CARTHE_011,2012-09-14 20:30:00,29.04596922472,-88.63483233196
CARTHE_011,2012-09-14 20:45:00,29.04612762898,-88.63576430754
CARTHE_011,2012-09-14 21:00:00,29.04627667986,-88.6366931841
CARTHE_011,2012-09-14 21:15:00,29.04641666514,-88.63761842132
CARTHE_011,2012-09-14 21:30:00,29.04654799284,-88.63853968601
CARTHE_011,2012-09-14 21:45:00,29.04667128702,-88.63945676737
CARTHE_011,2012-09-14 22:00:00,29.046787345,-88.64036947628
CARTHE_011,2012-09-14 22:15:00,29.04689703715,-88.64127758041
CARTHE_011,2012-09-14 22:30:00,29.04700121925,-88.6421807875
CARTHE_011,2012-09-14 22:45:00,29.04710069014,-88.643078762
CARTHE_011,2012-09-14 23:00:00,29.04719619277,-88.64397115237
CARTHE_011,2012-09-14 23:15:00,29.04728843852,-88.64485761195
CARTHE_011,2012-09-14 23:30:00,29.04737813449,-88.64573780811
CARTHE_011,2012-09-14 23:45:00,29.04746600162,-88.64661142256
CARTHE_011,2012-09-15 00:00:00,29.04755278131,-88.64747814878
CARTHE_011,2012-09-15 00:15:00,29.04763923355,-88.64833768977
CARTHE_011,2012-09-15 00:30:00,29.04772612935,-88.64918975496
CARTHE_011,2012-09-15 00:45:00,29.04781423912,-88.65003405251
CARTHE_011,2012-09-15 01:00:00,29.047904318,-88.65087027476
CARTHE_011,2012-09-15 01:15:00,29.04799709213,-88.65169808146
CARTHE_011,2012-09-15 01:30:00,29.04809325445,-88.65251709257
CARTHE_011,2012-09-15 01:45:00,29.0481934806,-88.65332690597
CARTHE_011,2012-09-15 02:00:00,29.04829846948,-88.65412714729
CARTHE_011,2012-09-15 02:15:00,29.0484089976,-88.65491753899
CARTHE_011,2012-09-15 02:30:00,29.04852595589,-88.65569794858
CARTHE_011,2012-09-15 02:45:00,29.0486503254,-88.6564683601
CARTHE_011,2012-09-15 03:00:00,29.0487830616,-88.6572287286
CARTHE_011,2012-09-15 03:15:00,29.04892490511,-88.65797873883
CARTHE_011,2012-09-15 03:30:00,29.04907621108,-88.65871758421
CARTHE_011,2012-09-15 03:45:00,29.04923694938,-88.65944396091
CARTHE_011,2012-09-15 04:00:00,29.04940701565,-88.66015645953
CARTHE_011,2012-09-15 04:15:00,29.04958685794,-88.66085436936
CARTHE_011,2012-09-15 04:30:00,29.04977817536,-88.661538598
CARTHE_011,2012-09-15 04:45:00,29.04998418987,-88.66221208755
CARTHE_011,2012-09-15 05:00:00,29.05020892922,-88.66287903114
CARTHE_011,2012-09-15 05:15:00,29.05045529243,-88.66354262178
CARTHE_011,2012-09-15 05:30:00,29.05072244508,-88.66420205383
CARTHE_011,2012-09-15 05:45:00,29.05100402812,-88.66485065717
CARTHE_011,2012-09-15 06:00:00,29.05128909583,-88.66547743903
CARTHE_011,2012-09-15 06:15:00,29.051566802,-88.66607269881
CARTHE_011,2012-09-15 06:30:00,29.05183331115,-88.66663453097
CARTHE_011,2012-09-15 06:45:00,29.05209626016,-88.66717032553
CARTHE_011,2012-09-15 07:00:00,29.05237111831,-88.66769049656
CARTHE_011,2012-09-15 07:15:00,29.05266962631,-88.66819901043
CARTHE_011,2012-09-15 07:30:00,29.05299016197,-88.66868930475
CARTHE_011,2012-09-15 07:45:00,29.05331947479,-88.66914938478
CARTHE_011,2012-09-15 08:00:00,29.05364408792,-88.66957109477
CARTHE_011,2012-09-15 08:15:00,29.05396190853,-88.66995531786
CARTHE_011,2012-09-15 08:30:00,29.05428594469,-88.67030948013
CARTHE_011,2012-09-15 08:45:00,29.05463800882,-88.67064126951
CARTHE_011,2012-09-15 09:00:00,29.05503678214,-88.67095510322
CARTHE_011,2012-09-15 09:15:00,29.05548761543,-88.67125313094
CARTHE_011,2012-09-15 09:30:00,29.05597898086,-88.67153705693
CARTHE_011,2012-09-15 09:45:00,29.05648574459,-88.67180761705
CARTHE_011,2012-09-15 10:00:00,29.05697659034,-88.67206280994
CARTHE_011,2012-09-15 10:15:00,29.0574225761,-88.67229765125
CARTHE_011,2012-09-15 10:30:00,29.05780409194,-88.67250629766
CARTHE_011,2012-09-15 10:45:00,29.05811403997,-88.67268508502
CARTHE_011,2012-09-15 11:00:00,29.05835668396,-88.67283445061
CARTHE_011,2012-09-15 11:15:00,29.05854355392,-88.67295858567
CARTHE_011,2012-09-15 11:30:00,29.05868866451,-88.67306295714
CARTHE_011,2012-09-15 11:45:00,29.05880490191,-88.6731509321
CARTHE_011,2012-09-15 12:00:00,29.05890243334,-88.67322142047
CARTHE_011,2012-09-15 12:15:00,29.05898909185,-88.67326952528
CARTHE_011,2012-09-15 12:30:00,29.05907215702,-88.67329133661
CARTHE_011,2012-09-15 12:45:00,29.05916069077,-88.67329203906
CARTHE_011,2012-09-15 13:00:00,29.05926742115,-88.67329386538
CARTHE_011,2012-09-15 13:15:00,29.05940911139,-88.67333852562
CARTHE_011,2012-09-15 13:30:00,29.05960466706,-88.67347960229
CARTHE_011,2012-09-15 13:45:00,29.05987118229,-88.67376533133
CARTHE_011,2012-09-15 14:00:00,29.06021950948,-88.67421956653
CARTHE_011,2012-09-15 14:15:00,29.06065175896,-88.6748327319
CARTHE_011,2012-09-15 14:30:00,29.06116221117,-88.67556932197
CARTHE_011,2012-09-15 14:45:00,29.06174045391,-88.67638605749
CARTHE_011,2012-09-15 15:00:00,29.06237318608,-88.67724651344
CARTHE_011,2012-09-15 15:15:00,29.06304317114,-88.67812384396
CARTHE_011,2012-09-15 15:30:00,29.06372934712,-88.67899666661
CARTHE_011,2012-09-15 15:45:00,29.0644126559,-88.67984822751
CARTHE_011,2012-09-15 16:00:00,29.06508519852,-88.68067102753
CARTHE_011,2012-09-15 16:15:00,29.06575488167,-88.68147040058
CARTHE_011,2012-09-15 16:30:00,29.06644146741,-88.68226193241
CARTHE_011,2012-09-15 16:45:00,29.06716728457,-88.68306348856
CARTHE_011,2012-09-15 17:00:00,29.06794817196,-88.68388599302
CARTHE_011,2012-09-15 17:15:00,29.06878866255,-88.68472826567
CARTHE_011,2012-09-15 17:30:00,29.06968234645,-88.68557869831
CARTHE_011,2012-09-15 17:45:00,29.07061495275,-88.68642226883
CARTHE_011,2012-09-15 18:00:00,29.07156779365,-88.68724906899
CARTHE_011,2012-09-15 18:15:00,29.0725223361,-88.68805968028
CARTHE_011,2012-09-15 18:30:00,29.07346676797,-88.68886389155
CARTHE_011,2012-09-15 18:45:00,29.07440130995,-88.68967432223
CARTHE_011,2012-09-15 19:00:00,29.07533767657,-88.6905001447
CARTHE_011,2012-09-15 19:15:00,29.07629238879,-88.6913443889
CARTHE_011,2012-09-15 19:30:00,29.07727790588,-88.69220594375
CARTHE_011,2012-09-15 19:45:00,29.0782963058,-88.69308475389
CARTHE_011,2012-09-15 20:00:00,29.07933839992,-88.69398573673
CARTHE_011,2012-09-15 20:15:00,29.08038823322,-88.69491847512
CARTHE_011,2012-09-15 20:30:00,29.08143021597,-88.69589406969
CARTHE_011,2012-09-15 20:45:00,29.08245472702,-88.69692200178
CARTHE_011,2012-09-15 21:00:00,29.08345942406,-88.69800834897
CARTHE_011,2012-09-15 21:15:00,29.0844471728,-88.69915494781
CARTHE_011,2012-09-15 21:30:00,29.08542357774,-88.7003589389
CARTHE_011,2012-09-15 21:45:00,29.08639518895,-88.70161249302
CARTHE_011,2012-09-15 22:00:00,29.08736700904,-88.7029027625
CARTHE_011,2012-09-15 22:15:00,29.08833848568,-88.70421315654
CARTHE_011,2012-09-15 22:30:00,29.08929966328,-88.70552692205
CARTHE_011,2012-09-15 22:45:00,29.09023087137,-88.70683223164
CARTHE_011,2012-09-15 23:00:00,29.09110786042,-88.70812624686
CARTHE_011,2012-09-15 23:15:00,29.09191044521,-88.70941531328
CARTHE_011,2012-09-15 23:30:00,29.09262938149,-88.71071024784
CARTHE_011,2012-09-15 23:45:00,29.09326653698,-88.7120183925
CARTHE_011,2012-09-16 00:00:00,29.09382744423,-88.71333638687
CARTHE_011,2012-09-16 00:15:00,29.09431105185,-88.71464807128
CARTHE_011,2012-09-16 00:30:00,29.09470536573,-88.71592992054
CARTHE_011,2012-09-16 00:45:00,29.09499398511,-88.71716235706
CARTHE_011,2012-09-16 01:00:00,29.09516895012,-88.7183413055
CARTHE_011,2012-09-16 01:15:00,29.09523907712,-88.71948361652
CARTHE_011,2012-09-16 01:30:00,29.09522613687,-88.72062377837
CARTHE_011,2012-09-16 01:45:00,29.09515126276,-88.72180454946
CARTHE_011,2012-09-16 02:00:00,29.09502212822,-88.7230663433
CARTHE_011,2012-09-16 02:15:00,29.09483037554,-88.72443907744
CARTHE_011,2012-09-16 02:30:00,29.09455989241,-88.7259374733
CARTHE_011,2012-09-16 02:45:00,29.09419891919,-88.72755956667
CARTHE_011,2012-09-16 03:00:00,29.09374782684,-88.72928902714
CARTHE_011,2012-09-16 03:15:00,29.09321886784,-88.73110125494
CARTHE_011,2012-09-16 03:30:00,29.0926301813,-88.73297056161
CARTHE_011,2012-09-16 03:45:00,29.09199855036,-88.73487529153
CARTHE_011,2012-09-16 04:00:00,29.09133370208,-88.73679924947
CARTHE_011,2012-09-16 04:15:00,29.09063579209,-88.73872988344
CARTHE_011,2012-09-16 04:30:00,29.08989742897,-88.74065578436
CARTHE_011,2012-09-16 04:45:00,29.08910963047,-88.74256549412
CARTHE_011,2012-09-16 05:00:00,29.08826819359,-88.74444763872
CARTHE_011,2012-09-16 05:15:00,29.08737632906,-88.74629230207
CARTHE_011,2012-09-16 05:30:00,29.08644219313,-88.74809313299
CARTHE_011,2012-09-16 05:45:00,29.08547393805,-88.7498484697
CARTHE_011,2012-09-16 06:00:00,29.08447617055,-88.75156041095
CARTHE_011,2012-09-16 06:15:00,29.0834504761,-88.75323158538
CARTHE_011,2012-09-16 06:30:00,29.08239974463,-88.75486025721
CARTHE_011,2012-09-16 06:45:00,29.08133249584,-88.75643723833
CARTHE_011,2012-09-16 07:00:00,29.08026313506,-88.75794934966
CARTHE_011,2012-09-16 07:15:00,29.07920767271,-88.75938912469
CARTHE_011,2012-09-16 07:30:00,29.07817819958,-88.76076340643
CARTHE_011,2012-09-16 07:45:00,29.07717902891,-88.76209182493
CARTHE_011,2012-09-16 08:00:00,29.07620477814,-88.76339206792
CARTHE_011,2012-09-16 08:15:00,29.0752398191,-88.76465729746
CARTHE_011,2012-09-16 08:30:00,29.07425917954,-88.76583663977
CARTHE_011,2012-09-16 08:45:00,29.07323153222,-88.76683126497
CARTHE_011,2012-09-16 09:00:00,29.07212565013,-88.76751580422
CARTHE_011,2012-09-16 09:15:00,29.07092163371,-88.76778442376
CARTHE_011,2012-09-16 09:30:00,29.06962432047,-88.76760161608
CARTHE_011,2012-09-16 09:45:00,29.06827012148,-88.7670243518
CARTHE_011,2012-09-16 10:00:00,29.06691816049,-88.76617744693
CARTHE_011,2012-09-16 10:15:00,29.06562755279,-88.76520062759
CARTHE_011,2012-09-16 10:30:00,29.06443406884,-88.76420170638
CARTHE_011,2012-09-16 10:45:00,29.06333947936,-88.76323411431
CARTHE_011,2012-09-16 11:00:00,29.06231837389,-88.76229874382
CARTHE_011,2012-09-16 11:15:00,29.06133645175,-88.7613635651
CARTHE_011,2012-09-16 11:30:00,29.06036805484,-88.76039191337
CARTHE_011,2012-09-16 11:45:00,29.05940305966,-88.75936630342
CARTHE_011,2012-09-16 12:00:00,29.05844150479,-88.75829644917
CARTHE_011,2012-09-16 12:15:00,29.05748324739,-88.75721181297
CARTHE_011,2012-09-16 12:30:00,29.05652308488,-88.75614896019
CARTHE_011,2012-09-16 12:45:00,29.05555628604,-88.75514322957
CARTHE_011,2012-09-16 13:00:00,29.0545895696,-88.7542269529
CARTHE_011,2012-09-16 13:15:00,29.05364693527,-88.75342979843
CARTHE_011,2012-09-16 13:30:00,29.05276427301,-88.75277581337
CARTHE_011,2012-09-16 13:45:00,29.05197625104,-88.75227679894
CARTHE_011,2012-09-16 14:00:00,29.05130375168,-88.75192583235
CARTHE_011,2012-09-16 14:15:00,29.05074715358,-88.75169488372
CARTHE_011,2012-09-16 14:30:00,29.05028559117,-88.75153874932
CARTHE_011,2012-09-16 14:45:00,29.04988079883,-88.75140485362
CARTHE_011,2012-09-16 15:00:00,29.04948547806,-88.75124676867
CARTHE_011,2012-09-16 15:15:00,29.04905594872,-88.75103824552
CARTHE_011,2012-09-16 15:30:00,29.04856498799,-88.75078212912
CARTHE_011,2012-09-16 15:45:00,29.04800801024,-88.75050860046
CARTHE_011,2012-09-16 16:00:00,29.04739925686,-88.75026321371
CARTHE_011,2012-09-16 16:15:00,29.04676116147,-88.75009234632
CARTHE_011,2012-09-16 16:30:00,29.04611301658,-88.75003387379
CARTHE_011,2012-09-16 16:45:00,29.04546382897,-88.75011373212
CARTHE_011,2012-09-16 17:00:00,29.04481152572,-88.75034401608
CARTHE_011,2012-09-16 17:15:00,29.04414811062,-88.75072147276
CARTHE_011,2012-09-16 17:30:00,29.04346870716,-88.75123027013
CARTHE_011,2012-09-16 17:45:00,29.04278051342,-88.75185062788
CARTHE_011,2012-09-16 18:00:00,29.04210683828,-88.75256824101
CARTHE_011,2012-09-16 18:15:00,29.04148398414,-88.75337832325
CARTHE_011,2012-09-16 18:30:00,29.04095244439,-88.75428279419
CARTHE_011,2012-09-16 18:45:00,29.04054617168,-88.7552836153
CARTHE_011,2012-09-16 19:00:00,29.04028472376,-88.75637634471
CARTHE_011,2012-09-16 19:15:00,29.04017217772,-88.75754694387
CARTHE_011,2012-09-16 19:30:00,29.04020324283,-88.75877340135
CARTHE_011,2012-09-16 19:45:00,29.0403725858,-88.76003097343
CARTHE_011,2012-09-16 20:00:00,29.0406815274,-88.76129733149
CARTHE_011,2012-09-16 20:15:00,29.04113888308,-88.76255452927
CARTHE_011,2012-09-16 20:30:00,29.04175681942,-88.76378796346
CARTHE_011,2012-09-16 20:45:00,29.04254434887,-88.76498460564
CARTHE_011,2012-09-16 21:00:00,29.04350086986,-88.76613126819
CARTHE_011,2012-09-16 21:15:00,29.04461222483,-88.7672124168
CARTHE_011,2012-09-16 21:30:00,29.04585163951,-88.76820857395
CARTHE_011,2012-09-16 21:45:00,29.04718550112,-88.76909761016
CARTHE_011,2012-09-16 22:00:00,29.04858104789,-88.7698598208
CARTHE_011,2012-09-16 22:15:00,29.05001230298,-88.77048415878
CARTHE_011,2012-09-16 22:30:00,29.05146102237,-88.77097128758
CARTHE_011,2012-09-16 22:45:00,29.05291264942,-88.77133093664
CARTHE_011,2012-09-16 23:00:00,29.05435181411,-88.77157457784
CARTHE_011,2012-09-16 23:15:00,29.05576208913,-88.77170773222
CARTHE_011,2012-09-16 23:30:00,29.05713077686,-88.77172715555
CARTHE_011,2012-09-16 23:45:00,29.05845490945,-88.77162462428
CARTHE_011,2012-09-17 00:00:00,29.05974279408,-88.77139393511
CARTHE_011,2012-09-17 00:15:00,29.06100839376,-88.77103606486
CARTHE_011,2012-09-17 00:30:00,29.06226103435,-88.77056011095
CARTHE_011,2012-09-17 00:45:00,29.0634967702,-88.76998113544
CARTHE_011,2012-09-17 01:00:00,29.06469677356,-88.76931711561
CARTHE_011,2012-09-17 01:15:00,29.06583343642,-88.76858672283
CARTHE_011,2012-09-17 01:30:00,29.06688222886,-88.76780838211
CARTHE_011,2012-09-17 01:45:00,29.06783591405,-88.76699937955
CARTHE_011,2012-09-17 02:00:00,29.06871458596,-88.76617325713
CARTHE_011,2012-09-17 02:15:00,29.06956359784,-88.76533549719
CARTHE_011,2012-09-17 02:30:00,29.07043699736,-88.76448033033
CARTHE_011,2012-09-17 02:45:00,29.07137453678,-88.76359217974
CARTHE_011,2012-09-17 03:00:00,29.07238542193,-88.76265191391
CARTHE_011,2012-09-17 03:15:00,29.07344685747,-88.76164520252
CARTHE_011,2012-09-17 03:30:00,29.07451765937,-88.76056992514
CARTHE_011,2012-09-17 03:45:00,29.07555987969,-88.75943944557
CARTHE_011,2012-09-17 04:00:00,29.07655605246,-88.75827947188
CARTHE_011,2012-09-17 04:15:00,29.0775120947,-88.75711919153
CARTHE_011,2012-09-17 04:30:00,29.07844671889,-88.75598089752
CARTHE_011,2012-09-17 04:45:00,29.07937753734,-88.75487448528
CARTHE_011,2012-09-17 05:00:00,29.08031324627,-88.75380059214
CARTHE_011,2012-09-17 05:15:00,29.08125450311,-88.75275919191
CARTHE_011,2012-09-17 05:30:00,29.08220032982,-88.75175696487
CARTHE_011,2012-09-17 05:45:00,29.08315383365,-88.75080984707
CARTHE_011,2012-09-17 06:00:00,29.08412206004,-88.74994086326
CARTHE_011,2012-09-17 06:15:00,29.08511063321,-88.74917436053
CARTHE_011,2012-09-17 06:30:00,29.08611911205,-88.74852921262
CARTHE_011,2012-09-17 06:45:00,29.08714220294,-88.74801492579
CARTHE_011,2012-09-17 07:00:00,29.08817599765,-88.74763281086
CARTHE_011,2012-09-17 07:15:00,29.08922244237,-88.74738079867
CARTHE_011,2012-09-17 07:30:00,29.09028640531,-88.74725905347
CARTHE_011,2012-09-17 07:45:00,29.09136759801,-88.7472740621
CARTHE_011,2012-09-17 08:00:00,29.09245478517,-88.74743994695
CARTHE_011,2012-09-17 08:15:00,29.09352729211,-88.74777640699
CARTHE_011,2012-09-17 08:30:00,29.09456290741,-88.74830241957
CARTHE_011,2012-09-17 08:45:00,29.09554763649,-88.74902678029
CARTHE_011,2012-09-17 09:00:00,29.09648163388,-88.74994079396
CARTHE_011,2012-09-17 09:15:00,29.09737675305,-88.7510186118
CARTHE_011,2012-09-17 09:30:00,29.09824583501,-88.75222490368
CARTHE_011,2012-09-17 09:45:00,29.09908971081,-88.75352440671
CARTHE_011,2012-09-17 10:00:00,29.09989032372,-88.75488765682
CARTHE_011,2012-09-17 10:15:00,29.10061564355,-88.75629113342
CARTHE_011,2012-09-17 10:30:00,29.10123557713,-88.75771520868
CARTHE_011,2012-09-17 10:45:00,29.10174043873,-88.75914403186
CARTHE_011,2012-09-17 11:00:00,29.10214985415,-88.7605678032
CARTHE_011,2012-09-17 11:15:00,29.10250564143,-88.7619846755
CARTHE_011,2012-09-17 11:30:00,29.10285392877,-88.76339934043
CARTHE_011,2012-09-17 11:45:00,29.10322965576,-88.764817691
CARTHE_011,2012-09-17 12:00:00,29.10365309131,-88.76624044846
CARTHE_011,2012-09-17 12:15:00,29.10413668813,-88.76766006676
CARTHE_011,2012-09-17 12:30:00,29.10469286037,-88.76906181654
CARTHE_011,2012-09-17 12:45:00,29.10533462753,-88.77042701529
CARTHE_011,2012-09-17 13:00:00,29.10606887103,-88.77173781275
CARTHE_011,2012-09-17 13:15:00,29.10688841554,-88.77298308099
CARTHE_011,2012-09-17 13:30:00,29.10776937158,-88.77416182102
CARTHE_011,2012-09-17 13:45:00,29.10867587329,-88.77528065114
CARTHE_011,2012-09-17 14:00:00,29.10956961771,-88.77634710073
CARTHE_011,2012-09-17 14:15:00,29.11041934818,-88.77736405286
CARTHE_011,2012-09-17 14:30:00,29.11120627063,-88.77832872436
CARTHE_011,2012-09-17 14:45:00,29.11192413039,-88.77923539362
CARTHE_011,2012-09-17 15:00:00,29.11257539417,-88.78007902858
CARTHE_011,2012-09-17 15:15:00,29.11316623875,-88.78085756539
CARTHE_011,2012-09-17 15:30:00,29.11370263072,-88.78157219614
CARTHE_011,2012-09-17 15:45:00,29.11418848246,-88.78222626827
CARTHE_011,2012-09-17 16:00:00,29.11462563796,-88.78282381116
CARTHE_011,2012-09-17 16:15:00,29.11501481394,-88.78336846019
CARTHE_011,2012-09-17 16:30:00,29.11535662645,-88.78386305278
CARTHE_011,2012-09-17 16:45:00,29.1156522016,-88.78430976371
CARTHE_011,2012-09-17 17:00:00,29.11590328473,-88.78471047369
CARTHE_011,2012-09-17 17:15:00,29.11611202485,-88.78506710248
CARTHE_011,2012-09-17 17:30:00,29.11628067619,-88.78538177454
CARTHE_011,2012-09-17 17:45:00,29.11641138659,-88.78565681945
CARTHE_011,2012-09-17 18:00:00,29.11650612777,-88.78589468099
CARTHE_011,2012-09-17 18:15:00,29.11656673465,-88.78609781632
CARTHE_011,2012-09-17 18:30:00,29.11659498745,-88.78626863426
CARTHE_011,2012-09-17 18:45:00,29.11659268095,-88.78640948254
CARTHE_011,2012-09-17 19:00:00,29.11656165602,-88.78652266787
CARTHE_011,2012-09-17 19:15:00,29.11650379669,-88.78661048543
CARTHE_011,2012-09-17 19:30:00,29.11642100965,-88.78667524084
CARTHE_011,2012-09-17 19:45:00,29.11631520351,-88.78671925812
CARTHE_011,2012-09-17 20:00:00,29.11618827706,-88.78674487607
CARTHE_011,2012-09-17 20:15:00,29.11604211725,-88.78675443894
CARTHE_011,2012-09-17 20:30:00,29.11587860259,-88.78675028701
CARTHE_011,2012-09-17 20:45:00,29.11569960701,-88.78673475107
CARTHE_011,2012-09-17 21:00:00,29.11550700196,-88.78671015249
CARTHE_011,2012-09-17 21:15:00,29.11530265755,-88.78667880923
CARTHE_011,2012-09-17 21:30:00,29.11508844533,-88.7866430461
CARTHE_011,2012-09-17 21:45:00,29.11486624445,-88.78660520524
CARTHE_011,2012-09-17 22:00:00,29.11463794922,-88.78656764999
CARTHE_011,2012-09-17 22:15:00,29.11440547234,-88.78653275505
CARTHE_011,2012-09-17 22:30:00,29.11417073648,-88.78650288036
CARTHE_011,2012-09-17 22:45:00,29.11393565044,-88.78648033636
CARTHE_011,2012-09-17 23:00:00,29.11370207636,-88.78646736125
CARTHE_011,2012-09-17 23:15:00,29.1134718071,-88.78646613775
CARTHE_011,2012-09-17 23:30:00,29.11324658066,-88.78647886792
CARTHE_011,2012-09-17 23:45:00,29.11302815042,-88.78650789323
CARTHE_011,2012-09-18 00:00:00,29.11281840062,-88.7865558003
CARTHE_011,2012-09-18 00:15:00,29.11261945094,-88.78662541611
CARTHE_011,2012-09-18 00:30:00,29.11243365738,-88.78671960648
CARTHE_011,2012-09-18 00:45:00,29.11226342438,-88.78684088014
CARTHE_011,2012-09-18 01:00:00,29.1121108255,-88.7869909589
CARTHE_011,2012-09-18 01:15:00,29.11197718226,-88.78717063295
CARTHE_011,2012-09-18 01:30:00,29.11186290677,-88.78738025162
CARTHE_011,2012-09-18 01:45:00,29.11176795109,-88.78762097342
CARTHE_011,2012-09-18 02:00:00,29.11169299762,-88.78789638413
CARTHE_011,2012-09-18 02:15:00,29.11164103456,-88.78821345943
CARTHE_011,2012-09-18 02:30:00,29.11161834712,-88.78858149554
CARTHE_011,2012-09-18 02:45:00,29.11163359876,-88.78900804072
CARTHE_011,2012-09-18 03:00:00,29.11169404824,-88.78949227335
CARTHE_011,2012-09-18 03:15:00,29.11179929906,-88.79001830046
CARTHE_011,2012-09-18 03:30:00,29.11193495483,-88.79055229765
CARTHE_011,2012-09-18 03:45:00,29.11207000854,-88.7910466827
CARTHE_011,2012-09-18 04:00:00,29.11216113092,-88.79145087815
CARTHE_011,2012-09-18 04:15:00,29.1121633945,-88.79172364421
CARTHE_011,2012-09-18 04:30:00,29.1120422548,-88.79184091827
CARTHE_011,2012-09-18 04:45:00,29.11178048341,-88.79179663201
CARTHE_011,2012-09-18 05:00:00,29.11137762521,-88.79159798685
CARTHE_011,2012-09-18 05:15:00,29.11084415466,-88.79125861439
CARTHE_011,2012-09-18 05:30:00,29.11019438539,-88.79079282322
CARTHE_011,2012-09-18 05:45:00,29.10944132664,-88.7902125768
CARTHE_011,2012-09-18 06:00:00,29.10859463415,-88.78952714296
CARTHE_011,2012-09-18 06:15:00,29.10766104454,-88.78874431105
CARTHE_011,2012-09-18 06:30:00,29.10664590993,-88.78787186793
CARTHE_011,2012-09-18 06:45:00,29.10555460617,-88.78691841095
CARTHE_011,2012-09-18 07:00:00,29.10439322029,-88.785893192
CARTHE_011,2012-09-18 07:15:00,29.10316855516,-88.7848052604
CARTHE_011,2012-09-18 07:30:00,29.10188783709,-88.78366255798
CARTHE_011,2012-09-18 07:45:00,29.10055851683,-88.78247173468
CARTHE_011,2012-09-18 08:00:00,29.09918831958,-88.78123921394
CARTHE_011,2012-09-18 08:15:00,29.0977853934,-88.77997339906
CARTHE_011,2012-09-18 08:30:00,29.09635820254,-88.7786869856
CARTHE_011,2012-09-18 08:45:00,29.09491483523,-88.77739752839
CARTHE_011,2012-09-18 09:00:00,29.0934616785,-88.77612435261
CARTHE_011,2012-09-18 09:15:00,29.09200184664,-88.77488119896
CARTHE_011,2012-09-18 09:30:00,29.09053407087,-88.77366666323
CARTHE_011,2012-09-18 09:45:00,29.08905264099,-88.77245743397
CARTHE_011,2012-09-18 10:00:00,29.08754831785,-88.77121031558
CARTHE_011,2012-09-18 10:15:00,29.08600945059,-88.76987566393
CARTHE_011,2012-09-18 10:30:00,29.0844231218,-88.76841706443
CARTHE_011,2012-09-18 10:45:00,29.08277774122,-88.76682575828
CARTHE_011,2012-09-18 11:00:00,29.08106782869,-88.76512184183
CARTHE_011,2012-09-18 11:15:00,29.07929891716,-88.76334404259
CARTHE_011,2012-09-18 11:30:00,29.07748877498,-88.76153525048
CARTHE_011,2012-09-18 11:45:00,29.07566263309,-88.7597304511
CARTHE_011,2012-09-18 12:00:00,29.0738448461,-88.75795089818
CARTHE_011,2012-09-18 12:15:00,29.07205204974,-88.75620486611
CARTHE_011,2012-09-18 12:30:00,29.07029090709,-88.75449247411
CARTHE_011,2012-09-18 12:45:00,29.06856014643,-88.75281121813
CARTHE_011,2012-09-18 13:00:00,29.06685459488,-88.75115981371
CARTHE_011,2012-09-18 13:15:00,29.06516883849,-88.74953960768
CARTHE_011,2012-09-18 13:30:00,29.06349922008,-88.74795412333
CARTHE_011,2012-09-18 13:45:00,29.06184411565,-88.74640782173
CARTHE_011,2012-09-18 14:00:00,29.06020317427,-88.74490499665
CARTHE_011,2012-09-18 14:15:00,29.05857633544,-88.74344923882
CARTHE_011,2012-09-18 14:30:00,29.05696315972,-88.74204345437
CARTHE_011,2012-09-18 14:45:00,29.05536262381,-88.74069018324
CARTHE_011,2012-09-18 15:00:00,29.05377325685,-88.73939194365
CARTHE_011,2012-09-18 15:15:00,29.05219340351,-88.73815143719
CARTHE_011,2012-09-18 15:30:00,29.05062144775,-88.73697158026
CARTHE_011,2012-09-18 15:45:00,29.04905593246,-88.73585541584
CARTHE_011,2012-09-18 16:00:00,29.04749558794,-88.73480598851
CARTHE_011,2012-09-18 16:15:00,29.04593930632,-88.73382625332
CARTHE_011,2012-09-18 16:30:00,29.04438608004,-88.73291905868
CARTHE_011,2012-09-18 16:45:00,29.04283489646,-88.7320872101
CARTHE_011,2012-09-18 17:00:00,29.04128458391,-88.73133358852
CARTHE_011,2012-09-18 17:15:00,29.03973364913,-88.73066126401
CARTHE_011,2012-09-18 17:30:00,29.03818021031,-88.73007352291
CARTHE_011,2012-09-18 17:45:00,29.03662216082,-88.72957373526
CARTHE_011,2012-09-18 18:00:00,29.03505763407,-88.72916505302
CARTHE_011,2012-09-18 18:15:00,29.03348565462,-88.72885004892
CARTHE_011,2012-09-18 18:30:00,29.03190660931,-88.72863053636
CARTHE_011,2012-09-18 18:45:00,29.0303220051,-88.72850785971
CARTHE_011,2012-09-18 19:00:00,29.02873310138,-88.72848380621
CARTHE_011,2012-09-18 19:15:00,29.02713854266,-88.72856192325
CARTHE_011,2012-09-18 19:30:00,29.02553196919,-88.72874853652
CARTHE_011,2012-09-18 19:45:00,29.02390130393,-88.72905245074
CARTHE_011,2012-09-18 20:00:00,29.0222313152,-88.72948256482
CARTHE_011,2012-09-18 20:15:00,29.02050959277,-88.73004369185
CARTHE_011,2012-09-18 20:30:00,29.01873351143,-88.7307324914
CARTHE_011,2012-09-18 20:45:00,29.01691380828,-88.73153660584
CARTHE_011,2012-09-18 21:00:00,29.01507195202,-88.73243923741
CARTHE_011,2012-09-18 21:15:00,29.01323333147,-88.73342751425
CARTHE_011,2012-09-18 21:30:00,29.01142019777,-88.73449876729
CARTHE_011,2012-09-18 21:45:00,29.00964688143,-88.73566000446
CARTHE_011,2012-09-18 22:00:00,29.00791892902,-88.73692184746
CARTHE_011,2012-09-18 22:15:00,29.00623578776,-88.73829181714
CARTHE_011,2012-09-18 22:30:00,29.00459479991,-88.73977070231
CARTHE_011,2012-09-18 22:45:00,29.00299433849,-88.74135275299
CARTHE_011,2012-09-18 23:00:00,29.00143512237,-88.74302826107
CARTHE_011,2012-09-18 23:15:00,28.9999199377,-88.74478652833
CARTHE_011,2012-09-18 23:30:00,28.99845258739,-88.74661784558
CARTHE_011,2012-09-18 23:45:00,28.99703686894,-88.74851410475
CARTHE_011,2012-09-19 00:00:00,28.99567602024,-88.75046841416
CARTHE_011,2012-09-19 00:15:00,28.9943726788,-88.75247435208
CARTHE_011,2012-09-19 00:30:00,28.99312915527,-88.754525364
CARTHE_011,2012-09-19 00:45:00,28.99194776323,-88.75661451128
CARTHE_011,2012-09-19 01:00:00,28.99083101582,-88.75873451643
CARTHE_011,2012-09-19 01:15:00,28.98978161667,-88.76087792668
CARTHE_011,2012-09-19 01:30:00,28.98880228306,-88.76303723468
CARTHE_011,2012-09-19 01:45:00,28.98789551932,-88.76520489586
CARTHE_011,2012-09-19 02:00:00,28.98706349803,-88.76737329321
CARTHE_011,2012-09-19 02:15:00,28.98630818774,-88.76953475982
CARTHE_011,2012-09-19 02:30:00,28.98563176768,-88.77168174512
CARTHE_011,2012-09-19 02:45:00,28.98503718947,-88.7738071012
CARTHE_011,2012-09-19 03:00:00,28.98452853771,-88.77590431501
CARTHE_011,2012-09-19 03:15:00,28.98411073037,-88.77796740553
CARTHE_011,2012-09-19 03:30:00,28.98378824157,-88.77999024473
CARTHE_011,2012-09-19 03:45:00,28.98356300644,-88.78196531279
CARTHE_011,2012-09-19 04:00:00,28.98343235848,-88.78388230854
CARTHE_011,2012-09-19 04:15:00,28.98338835777,-88.78572739646
CARTHE_011,2012-09-19 04:30:00,28.98341963694,-88.78748385883
CARTHE_011,2012-09-19 04:45:00,28.98351558216,-88.78913433028
CARTHE_011,2012-09-19 05:00:00,28.98367075652,-88.79066388983
CARTHE_011,2012-09-19 05:15:00,28.98388663433,-88.79206303544
CARTHE_011,2012-09-19 05:30:00,28.9841694761,-88.79333050371
CARTHE_011,2012-09-19 05:45:00,28.98452601156,-88.79447613404
CARTHE_011,2012-09-19 06:00:00,28.98495918168,-88.79552160877
CARTHE_011,2012-09-19 06:15:00,28.98546479634,-88.79649564261
CARTHE_011,2012-09-19 06:30:00,28.98602980552,-88.79742512342
CARTHE_011,2012-09-19 06:45:00,28.98663381802,-88.79832835863
CARTHE_011,2012-09-19 07:00:00,28.9872542938,-88.79921363735
CARTHE_011,2012-09-19 07:15:00,28.98787268669,-88.80008185373
CARTHE_011,2012-09-19 07:30:00,28.98847813093,-88.80093053545
CARTHE_011,2012-09-19 07:45:00,28.98906744274,-88.80175714663
CARTHE_011,2012-09-19 08:00:00,28.98964249837,-88.80256072161
CARTHE_011,2012-09-19 08:15:00,28.99020694549,-88.80334196724
CARTHE_011,2012-09-19 08:30:00,28.9907637894,-88.8041025342
CARTHE_011,2012-09-19 08:45:00,28.99131442274,-88.80484418098
CARTHE_011,2012-09-19 09:00:00,28.99185883225,-88.80556826199
CARTHE_011,2012-09-19 09:15:00,28.99239634493,-88.80627562672
CARTHE_011,2012-09-19 09:30:00,28.99292633678,-88.80696679158
CARTHE_011,2012-09-19 09:45:00,28.99344860696,-88.80764218383
CARTHE_011,2012-09-19 10:00:00,28.99396339909,-88.80830231221
CARTHE_011,2012-09-19 10:15:00,28.99447121149,-88.80894781532
CARTHE_011,2012-09-19 10:30:00,28.99497256459,-88.80957941803
CARTHE_011,2012-09-19 10:45:00,28.99546783989,-88.81019786105
CARTHE_011,2012-09-19 11:00:00,28.99595723382,-88.81080386193
CARTHE_011,2012-09-19 11:15:00,28.99644081757,-88.81139813258
CARTHE_011,2012-09-19 11:30:00,28.99691866649,-88.81198143688
CARTHE_011,2012-09-19 11:45:00,28.997391006,-88.81255463865
CARTHE_011,2012-09-19 12:00:00,28.99785830477,-88.81311868044
CARTHE_011,2012-09-19 12:15:00,28.99832123917,-88.8136744588
CARTHE_011,2012-09-19 12:30:00,28.9987804798,-88.8142226252
CARTHE_011,2012-09-19 12:45:00,28.9992363338,-88.81476342359
CARTHE_011,2012-09-19 13:00:00,28.99968840643,-88.81529673112
CARTHE_011,2012-09-19 13:15:00,29.0001355582,-88.81582243509
CARTHE_011,2012-09-19 13:30:00,29.00057642463,-88.8163411137
CARTHE_011,2012-09-19 13:45:00,29.00101053627,-88.81685471558
CARTHE_011,2012-09-19 14:00:00,29.00143962647,-88.8173666811
CARTHE_011,2012-09-19 14:15:00,29.00186822112,-88.81788093176
CARTHE_011,2012-09-19 14:30:00,29.00230242172,-88.81839956843
CARTHE_011,2012-09-19 14:45:00,29.00274630725,-88.8189199711
CARTHE_011,2012-09-19 15:00:00,29.00319672511,-88.81943293861
CARTHE_011,2012-09-19 15:15:00,29.00363897697,-88.81992385435
CARTHE_011,2012-09-19 15:30:00,29.00404692536,-88.8203778789
CARTHE_011,2012-09-19 15:45:00,29.00438996337,-88.82078772477
CARTHE_011,2012-09-19 16:00:00,29.00464549631,-88.82115991856
CARTHE_011,2012-09-19 16:15:00,29.0048108505,-88.82151520992
CARTHE_011,2012-09-19 16:30:00,29.00490707885,-88.82188218473
CARTHE_011,2012-09-19 16:45:00,29.00497095767,-88.82228750123
CARTHE_011,2012-09-19 17:00:00,29.00503884822,-88.8227479013
CARTHE_011,2012-09-19 17:15:00,29.00513156921,-88.8232668885
CARTHE_011,2012-09-19 17:30:00,29.0052477125,-88.82383480396
CARTHE_011,2012-09-19 17:45:00,29.00536702725,-88.82442899554
CARTHE_011,2012-09-19 18:00:00,29.00546060586,-88.82501341209
CARTHE_011,2012-09-19 18:15:00,29.00550246213,-88.82554260304
CARTHE_011,2012-09-19 18:30:00,29.00547765974,-88.82597482076
CARTHE_011,2012-09-19 18:45:00,29.00538452659,-88.82628887095
CARTHE_011,2012-09-19 19:00:00,29.00523147295,-88.82649348424
CARTHE_011,2012-09-19 19:15:00,29.00503113782,-88.82662328614
CARTHE_011,2012-09-19 19:30:00,29.00479508704,-88.82672412256
CARTHE_011,2012-09-19 19:45:00,29.00453127978,-88.82683581122
CARTHE_011,2012-09-19 20:00:00,29.00424477981,-88.82698069889
CARTHE_011,2012-09-19 20:15:00,29.00394046162,-88.82716263819
CARTHE_011,2012-09-19 20:30:00,29.00362546396,-88.82737508466
CARTHE_011,2012-09-19 20:45:00,29.00330966771,-88.82761197505
CARTHE_011,2012-09-19 21:00:00,29.00300443269,-88.82787422377
CARTHE_011,2012-09-19 21:15:00,29.00272092928,-88.82816838187
CARTHE_011,2012-09-19 21:30:00,29.00246850406,-88.82849940311
CARTHE_011,2012-09-19 21:45:00,29.00225337279,-88.82886358556
CARTHE_011,2012-09-19 22:00:00,29.00207889697,-88.82924702136
CARTHE_011,2012-09-19 22:15:00,29.00194824901,-88.82963023114
CARTHE_011,2012-09-19 22:30:00,29.00186819977,-88.82999609103
CARTHE_011,2012-09-19 22:45:00,29.00185071714,-88.83033661177
CARTHE_011,2012-09-19 23:00:00,29.00190940503,-88.8306541244
CARTHE_011,2012-09-19 23:15:00,29.00205201504,-88.83095549275
CARTHE_011,2012-09-19 23:30:00,29.00227501014,-88.83124337129
CARTHE_011,2012-09-19 23:45:00,29.00256530676,-88.83151103004
CARTHE_011,2012-09-20 00:00:00,29.00290824355,-88.8317437669
CARTHE_011,2012-09-20 00:15:00,29.00329672178,-88.83192496483
CARTHE_011,2012-09-20 00:30:00,29.00373662241,-88.83204293339
CARTHE_011,2012-09-20 00:45:00,29.00424481424,-88.83209527901
CARTHE_011,2012-09-20 01:00:00,29.00483824047,-88.83208974104
CARTHE_011,2012-09-20 01:15:00,29.00551640039,-88.83204248503
CARTHE_011,2012-09-20 01:30:00,29.00624460913,-88.83197458951
CARTHE_011,2012-09-20 01:45:00,29.00694988988,-88.83190663981
